Data type: pos, num_epochs: 1000, 	 lr: 0.0001 
.0208333333] 

[10, 159933.5227272727, 141305.0625, 141305.0625] 

[20, 132166.2045454546, 127043.6875, 127043.6875] 

[30, 102272.9545454545, 107294.03125, 107294.03125] 

[40, 117329.9204545455, 127230.25, 127230.25] 

[50, 105974.4545454545, 120369.90625, 120369.90625] 

[60, 101584.3977272727, 118155.875, 118155.875] 

[70, 104803.2840909091, 116594.8333333333, 116594.8333333333] 

[80, 101951.25, 111289.6979166667, 111289.6979166667] 

[90, 99489.7386363636, 111425.0, 111425.0] 

[100, 100832.8181818182, 112413.7395833333, 112413.7395833333] 

[110, 99955.0, 109695.2916666667, 109695.2916666667] 

[120, 98641.3409090909, 110462.5625, 110462.5625] 

[130, 98673.3181818182, 109449.96875, 109449.96875] 

[140, 97603.9204545455, 108883.5729166667, 108883.5729166667] 

[150, 97333.4772727273, 109090.7604166667, 109090.7604166667] 

[160, 97055.1363636364, 109477.3020833333, 109477.3020833333] 

[170, 96821.6022727273, 109705.8541666667, 109705.8541666667] 

[180, 96715.75, 109798.1458333333, 109798.1458333333] 

[190, 96628.3977272727, 110650.2604166667, 110650.2604166667] 

[200, 96537.1818181818, 110733.3229166667, 110733.3229166667] 

[210, 96687.7727272727, 109898.1666666667, 109898.1666666667] 

[220, 96512.0681818182, 109372.9166666667, 109372.9166666667] 

[230, 96433.1818181818, 110562.78125, 110562.78125] 

[240, 96348.7386363636, 109485.8229166667, 109485.8229166667] 

[250, 96502.8409090909, 110212.96875, 110212.96875] 

[260, 96285.75, 109861.15625, 109861.15625] 

[270, 96274.4545454545, 110562.15625, 110562.15625] 

[280, 96223.8409090909, 110468.8645833333, 110468.8645833333] 

[290, 96175.2272727273, 110249.7604166667, 110249.7604166667] 

[300, 95236.3125, 111352.8125, 111352.8125] 

[310, 94199.5227272727, 112324.9375, 112324.9375] 

[320, 94036.0681818182, 112204.0208333333, 112204.0208333333] 

[330, 94284.0113636364, 111836.3645833333, 111836.3645833333] 

[340, 93603.4488636364, 111535.6979166667, 111535.6979166667] 

[350, 93549.9204545455, 110802.6770833333, 110802.6770833333] 

[360, 94449.0795454545, 111765.7708333333, 111765.7708333333] 

[370, 93288.8181818182, 111148.5625, 111148.5625] 

[380, 93144.8636363636, 111181.2395833333, 111181.2395833333] 

[390, 93090.4375, 111231.8125, 111231.8125] 

[400, 92975.1988636364, 111038.9166666667, 111038.9166666667] 

[410, 92897.7556818182, 110629.125, 110629.125] 

[420, 92799.7670454545, 110772.9583333333, 110772.9583333333] 

[430, 92742.4147727273, 110555.4375, 110555.4375] 

[440, 92758.1136363636, 109627.5625, 109627.5625] 

[450, 92531.4886363636, 110767.8125, 110767.8125] 

[460, 92480.2272727273, 110692.7916666667, 110692.7916666667] 

[470, 92416.5340909091, 110544.5416666667, 110544.5416666667] 

[480, 92403.8806818182, 110693.40625, 110693.40625] 

[490, 92360.7272727273, 110631.7395833333, 110631.7395833333] 

[500, 92345.3806818182, 110793.5625, 110793.5625] 

[510, 92309.8522727273, 110693.0625, 110693.0625] 

[520, 92300.2670454545, 110675.9166666667, 110675.9166666667] 

[530, 92276.0625, 110563.59375, 110563.59375] 

[540, 92259.4375, 110521.4791666667, 110521.4791666667] 

[550, 92221.5852272727, 110585.65625, 110585.65625] 

[560, 92205.0625, 110700.1354166667, 110700.1354166667] 

[570, 92177.8352272727, 110566.5416666667, 110566.5416666667] 

[580, 92152.3806818182, 110655.1875, 110655.1875] 

[590, 92137.7386363636, 110542.8645833333, 110542.8645833333] 

[600, 92113.6136363636, 110641.625, 110641.625] 

[610, 92111.4715909091, 110870.1458333333, 110870.1458333333] 

[620, 92052.8579545455, 110444.5, 110444.5] 

[630, 92035.7727272727, 110862.09375, 110862.09375] 

[640, 92010.4488636364, 110657.6354166667, 110657.6354166667] 

[650, 91995.1818181818, 111018.2916666667, 111018.2916666667] 

[660, 91972.1761363636, 110848.7916666667, 110848.7916666667] 

[670, 91952.2045454545, 110934.7604166667, 110934.7604166667] 

[680, 91932.1590909091, 110804.21875, 110804.21875] 

[690, 91917.5738636364, 111147.6354166667, 111147.6354166667] 

[700, 91919.2613636364, 110968.9375, 110968.9375] 

[710, 91888.2102272727, 110955.2083333333, 110955.2083333333] 

[720, 91865.5965909091, 110994.6770833333, 110994.6770833333] 

[730, 91845.1363636364, 110911.6354166667, 110911.6354166667] 

[740, 91829.1022727273, 110939.4166666667, 110939.4166666667] 

[750, 91828.9147727273, 111024.8541666667, 111024.8541666667] 

[760, 91818.1136363636, 111007.7604166667, 111007.7604166667] 

[770, 91813.3011363636, 111211.0, 111211.0] 

[780, 91807.7670454545, 111256.1666666667, 111256.1666666667] 

[790, 91810.8465909091, 111336.5520833333, 111336.5520833333] 

[800, 91793.9715909091, 111236.1875, 111236.1875] 

[810, 91809.2215909091, 111287.3333333333, 111287.3333333333] 

[820, 91788.1875, 111321.9791666667, 111321.9791666667] 

[830, 91780.1704545455, 111465.3854166667, 111465.3854166667] 

[840, 91780.0397727273, 111389.2708333333, 111389.2708333333] 

[850, 91773.4488636364, 111679.125, 111679.125] 

[860, 91770.9545454545, 111503.1875, 111503.1875] 

[870, 91769.5625, 111616.1875, 111616.1875] 

[880, 91756.1477272727, 111501.4375, 111501.4375] 

[890, 91758.6136363636, 111534.46875, 111534.46875] 

[900, 91764.8693181818, 111612.9479166667, 111612.9479166667] 

[910, 91771.5, 111498.0729166667, 111498.0729166667] 

[920, 91757.6875, 111496.8125, 111496.8125] 

[930, 91749.3238636364, 111617.0, 111617.0] 

[940, 91758.9318181818, 111720.5416666667, 111720.5416666667] 

[950, 91747.0170454545, 111540.5520833333, 111540.5520833333] 

[960, 91743.6022727273, 111731.125, 111731.125] 

[970, 91745.9318181818, 111567.9583333333, 111567.9583333333] 

[980, 92070.0284090909, 111633.9375, 111633.9375] 

[990, 91739.1363636364, 111589.5208333333, 111589.5208333333] 

