[0, 1.1959931345, 0.6319435755, 0.6319435755] 

[10, 0.9654807606, 0.5639040629, 0.5639040629] 

[20, 0.9419891134, 0.5563146591, 0.5563146591] 

[30, 0.9348645185, 0.5509229024, 0.5509229024] 

[40, 0.9284136064, 0.5845185598, 0.5845185598] 

[50, 0.9213304031, 0.5683031718, 0.5683031718] 

[60, 0.9138189972, 0.5991149267, 0.5991149267] 

[70, 0.9142486668, 0.5705493291, 0.5705493291] 

[80, 0.9095518298, 0.6000546137, 0.6000546137] 

[90, 0.9097254324, 0.6165328979, 0.6165328979] 

[0, 1.192720196, 0.6133700689, 0.6133700689] 

[10, 0.9659912364, 0.5491954168, 0.5491954168] 

[20, 0.9386888143, 0.5476565679, 0.5476565679] 

[30, 0.9367650908, 0.5646234512, 0.5646234512] 

[40, 0.9243674283, 0.5445164998, 0.5445164998] 

[50, 0.9223559468, 0.5983679454, 0.5983679454] 

[60, 0.9172939193, 0.5516045888, 0.5516045888] 

[70, 0.9120661338, 0.6092446009, 0.6092446009] 

[80, 0.9193496624, 0.5946502686, 0.5946502686] 

[90, 0.9091256679, 0.6298823039, 0.6298823039] 

