[0, 1.318597492, 0.5371990574, 0.5371990574] 

[10, 1.1399166728, 0.4319347615, 0.4319347615] 

[20, 1.1263641757, 0.4244525265, 0.4244525265] 

[0, 1.3164117261, 0.6003197184, 0.6003197184] 

[0, 1.4320379001, 0.552455448, 0.552455448] 

[10, 1.026086608, 0.3992513021, 0.3992513021] 

[20, 1.0059751596, 0.4755519231, 0.4755519231] 

[30, 1.0022946486, 0.394536972, 0.394536972] 

[40, 0.9982750736, 0.4647774923, 0.4647774923] 

[50, 0.9964476628, 0.3669384548, 0.3669384548] 

[60, 0.9956970215, 0.352824529, 0.352824529] 

[70, 0.9961307355, 0.3964039031, 0.3964039031] 

[80, 0.9914286599, 0.3833507356, 0.3833507356] 

[90, 0.9901695138, 0.3582025483, 0.3582025483] 

[99, 0.9922611066, 0.3951002303, 0.3951002303] 

