[0, 3.6936323431, 1.9146010081, 1.9146010081] 

[10, 3.0782915871, 1.6962739309, 1.6962739309] 

[20, 3.0152377425, 1.5018781026, 1.5018781026] 

[30, 2.9790812047, 1.4276568095, 1.4276568095] 

[40, 2.9603191125, 1.6521251678, 1.6521251678] 

[50, 2.941947084, 1.6675008138, 1.6675008138] 

[60, 2.9200486649, 1.6798154195, 1.6798154195] 

[70, 2.9192909871, 1.866095225, 1.866095225] 

[80, 2.9095723024, 1.934650294, 1.934650294] 

[90, 2.9114550169, 1.5929326375, 1.5929326375] 

[100, 2.9014924467, 1.5120475769, 1.5120475769] 

[110, 2.8984094379, 1.6786212921, 1.6786212921] 

[120, 2.8780868355, 1.6104303996, 1.6104303996] 

[130, 2.871574633, 1.5911712646, 1.5911712646] 

[140, 2.8732718823, 1.5618801117, 1.5618801117] 

[150, 2.8771577235, 1.6325506846, 1.6325506846] 

[160, 2.8760857497, 1.8531702677, 1.8531702677] 

[170, 2.8554440043, 1.6317849477, 1.6317849477] 

[180, 2.8622613187, 1.8313997904, 1.8313997904] 

[190, 2.869845495, 1.3927045186, 1.3927045186] 

[200, 2.8623830064, 1.6081273397, 1.6081273397] 

[210, 2.8493491624, 1.8584176381, 1.8584176381] 

[220, 2.8624669377, 1.5132801056, 1.5132801056] 

[230, 2.8592244849, 1.6174856822, 1.6174856822] 

[240, 2.8378026119, 2.0710384369, 2.0710384369] 

[0, 3.6985355644, 1.6318325043, 1.6318325043] 

[0, 3.6873522911, 2.0300233205, 2.0300233205] 

[10, 3.0982343301, 1.8069700877, 1.8069700877] 

[20, 3.0374331101, 1.4788286845, 1.4788286845] 

[30, 2.9918418254, 1.5105786641, 1.5105786641] 

[40, 2.9780291295, 1.4224997203, 1.4224997203] 

[50, 2.9449492228, 1.7780588786, 1.7780588786] 

[60, 2.9422182663, 1.4978918711, 1.4978918711] 

[70, 2.9362920524, 1.6543671926, 1.6543671926] 

[80, 2.9411763956, 1.5934734344, 1.5934734344] 

[90, 2.9105021797, 1.7016605377, 1.7016605377] 

[100, 2.9193006812, 1.6052845001, 1.6052845001] 

[110, 2.9212165601, 1.5608491262, 1.5608491262] 

[120, 2.890245906, 1.5236002604, 1.5236002604] 

[130, 2.9076579541, 1.5725118001, 1.5725118001] 

[140, 2.9025700329, 1.9607493083, 1.9607493083] 

[150, 2.8924668969, 1.4608362834, 1.4608362834] 

[160, 2.8819581354, 1.7784529368, 1.7784529368] 

[170, 2.8923459746, 1.5601820628, 1.5601820628] 

[180, 2.873456072, 1.6478656769, 1.6478656769] 

[190, 2.8749829076, 1.614240392, 1.614240392] 

[200, 2.878839156, 1.3728415171, 1.3728415171] 

[210, 2.883813298, 1.6709407806, 1.6709407806] 

[220, 2.8797782172, 1.8489549001, 1.8489549001] 

[230, 2.8643889392, 1.6102247874, 1.6102247874] 

[240, 2.8657037781, 1.7947934469, 1.7947934469] 

[0, 1.3921911226, 0.9610483805, 0.9610483805] 

[0, 1.4070454341, 0.8041151683, 0.8041151683] 

[0, 1.4185742545, 0.9047492981, 0.9047492981] 

[10, 1.2099881068, 0.7777332942, 0.7777332942] 

[0, 1.418826176, 1.2888113658, 1.2888113658] 

[10, 1.1883108683, 0.9715544383, 0.9715544383] 

[20, 1.1449759074, 0.9224035263, 0.9224035263] 

[30, 1.1342062955, 0.7098629634, 0.7098629634] 

[40, 1.1192459856, 0.7148435593, 0.7148435593] 

[50, 1.1221279674, 0.7635608037, 0.7635608037] 

[60, 1.1205948817, 0.8163121541, 0.8163121541] 

[70, 1.1101132894, 0.9517429988, 0.9517429988] 

[80, 1.1159240659, 1.0259380341, 1.0259380341] 

[90, 1.1149763309, 0.9237757365, 0.9237757365] 

[100, 1.101483926, 1.1144574483, 1.1144574483] 

[110, 1.1137516735, 0.7391834895, 0.7391834895] 

[120, 1.1019245016, 0.7050704956, 0.7050704956] 

[130, 1.1063690345, 0.90258859, 0.90258859] 

[140, 1.1077285177, 0.8842638016, 0.8842638016] 

[150, 1.11527481, 0.9377225876, 0.9377225876] 

[160, 1.0983986212, 0.8574636459, 0.8574636459] 

[170, 1.1028037395, 1.0406105677, 1.0406105677] 

[180, 1.1034896037, 0.839931488, 0.839931488] 

[190, 1.0963813359, 0.7744874954, 0.7744874954] 

[200, 1.0965554487, 0.8644561768, 0.8644561768] 

[210, 1.0926680769, 0.8786692301, 0.8786692301] 

[220, 1.1000586244, 0.7134682337, 0.7134682337] 

[230, 1.0895950174, 0.9356433233, 0.9356433233] 

[240, 1.094780901, 0.7004405975, 0.7004405975] 

