[0, 2.6648786636, 1.7328763689, 1.7328763689] 

[10, 1.3524753934, 0.6602847236, 0.6602847236] 

[20, 1.321385429, 0.631202289, 0.631202289] 

[29, 1.3139326005, 0.5875750496, 0.5875750496] 

[0, 4.3581763373, 24.7816518148, 24.7816518148] 

[10, 0.5153077443, 1.0407471657, 1.0407471657] 

[20, 0.5313101874, 0.7455827395, 0.7455827395] 

[29, 0.5141669379, 0.6579647859, 0.6579647859] 

[0, 2.1309173221, 1.5095053173, 1.5095053173] 

[10, 1.1074925377, 0.49438195, 0.49438195] 

[20, 1.0752070291, 0.4938453493, 0.4938453493] 

[29, 1.0604009174, 0.4513473965, 0.4513473965] 

[0, 4.6087608337, 10.1519902547, 10.1519902547] 

[10, 0.9974258211, 0.8221217791, 0.8221217791] 

[20, 0.9542375141, 0.5928706725, 0.5928706725] 

[29, 0.9397602081, 0.6165108283, 0.6165108283] 

[0, 3.0709529877, 2.9967926025, 2.9967926025] 

[10, 0.9346000671, 0.5160752296, 0.5160752296] 

[20, 0.8802168846, 0.5265485287, 0.5265485287] 

[29, 0.86503582, 0.5189267159, 0.5189267159] 

[0, 2.2612725529, 0.773311452, 0.773311452] 

[10, 1.7983934292, 0.6525891296, 0.6525891296] 

[20, 1.7469833995, 0.6756946531, 0.6756946531] 

[29, 1.7249557201, 0.6802050599, 0.6802050599] 

