[0, 42.9046271829, 12.4925797406, 12.4925797406] 

[10, 15.5952633128, 6.7804201911, 6.7804201911] 

[20, 15.1920417337, 6.4967943079, 6.4967943079] 

[0, 43.4758372587, 11.6796740364, 11.6796740364] 

[10, 15.6505001293, 6.7834145041, 6.7834145041] 

[20, 15.3550881778, 6.8859858793, 6.8859858793] 

[30, 15.2562094296, 6.3142924589, 6.3142924589] 

[40, 15.2447240493, 6.7803097893, 6.7803097893] 

[50, 15.100106632, 6.293169807, 6.293169807] 

[60, 15.0705979291, 6.39839307, 6.39839307] 

[70, 14.9413066191, 6.2378845215, 6.2378845215] 

[80, 15.1078904096, 6.3249511719, 6.3249511719] 

[90, 14.9921928855, 6.6152922686, 6.6152922686] 

[100, 14.9505696016, 6.6087466969, 6.6087466969] 

[110, 15.0270646039, 6.1870022942, 6.1870022942] 

[120, 15.0317984188, 6.4053308824, 6.4053308824] 

[130, 14.8832837273, 7.0964238784, 7.0964238784] 

[140, 15.0344660142, 6.7592463774, 6.7592463774] 

[150, 15.0070280187, 6.4926380831, 6.4926380831] 

[160, 14.9808690688, 6.6763835234, 6.6763835234] 

[170, 14.9086133172, 6.1941519345, 6.1941519345] 

[180, 15.020371381, 6.1608536664, 6.1608536664] 

[190, 14.8537804099, 6.3806085026, 6.3806085026] 

[200, 14.7912884881, 6.5356113209, 6.5356113209] 

[210, 14.8962213853, 6.2682719511, 6.2682719511] 

[220, 14.8833357867, 6.9788333668, 6.9788333668] 

[230, 14.7883911133, 6.6538530238, 6.6538530238] 

[240, 14.7567865708, 6.4101526597, 6.4101526597] 

[250, 15.0126055549, 6.608951793, 6.608951793] 

[260, 14.6784802605, 6.3622239057, 6.3622239057] 

[270, 15.0465043012, 6.4330399457, 6.4330399457] 

[280, 14.8969672708, 6.2151754043, 6.2151754043] 

[290, 14.788186466, 6.8873865464, 6.8873865464] 

[300, 14.8665268842, 6.6306300444, 6.6306300444] 

[310, 14.9518719841, 6.4697454116, 6.4697454116] 

[320, 14.9432866714, 6.3386670281, 6.3386670281] 

[330, 14.7180166805, 7.0421384924, 7.0421384924] 

[340, 14.7679919075, 6.6857497271, 6.6857497271] 

[350, 14.6562257655, 6.4433050717, 6.4433050717] 

[360, 14.8776622099, 6.9801173491, 6.9801173491] 

[370, 14.7562866211, 6.2607942469, 6.2607942469] 

[380, 14.796265546, 6.4581455904, 6.4581455904] 

[390, 14.7550533519, 6.4826247271, 6.4826247271] 

[0, 43.3757324219, 13.5298641429, 13.5298641429] 

[10, 15.4808547076, 6.510277692, 6.510277692] 

[20, 15.3082598518, 6.5533191457, 6.5533191457] 

[30, 15.2786003562, 6.5501538445, 6.5501538445] 

[40, 15.1395263672, 6.6265294692, 6.6265294692] 

[50, 15.2069396973, 6.51534361, 6.51534361] 

[60, 15.0673235725, 6.596043755, 6.596043755] 

[70, 14.9684421315, 6.4212857415, 6.4212857415] 

[80, 15.1487731934, 7.4478548835, 7.4478548835] 

[90, 15.1043234432, 6.5484780704, 6.5484780704] 

[100, 14.9701708625, 6.4461248061, 6.4461248061] 

[110, 14.9773182588, 6.6148959889, 6.6148959889] 

[120, 14.959179149, 6.8779525757, 6.8779525757] 

[130, 14.9540261661, 6.4669835708, 6.4669835708] 

[140, 14.9543115952, 6.3268683938, 6.3268683938] 

[150, 14.9272164737, 6.3654942232, 6.3654942232] 

[160, 14.7948518641, 6.4747633093, 6.4747633093] 

[170, 14.8445030661, 6.6885936961, 6.6885936961] 

[180, 14.8642883301, 6.4208625345, 6.4208625345] 

[190, 14.8349187514, 6.5547337252, 6.5547337252] 

[200, 14.9062697467, 6.4745972577, 6.4745972577] 

[210, 14.8675806382, 6.4812743243, 6.4812743243] 

[220, 14.7338508157, 6.6973845538, 6.6973845538] 

[230, 14.9137169333, 7.6638793945, 7.6638793945] 

[240, 14.9209711411, 7.1946132884, 7.1946132884] 

[250, 14.8692994959, 6.3604552325, 6.3604552325] 

[260, 14.8939675724, 6.4326952766, 6.4326952766] 

[270, 14.9143578024, 7.1853570377, 7.1853570377] 

[280, 14.7717832678, 6.737189349, 6.737189349] 

[290, 14.752012365, 6.559374641, 6.559374641] 

[300, 14.7412127327, 6.8847858205, 6.8847858205] 

[310, 14.7446181353, 6.7731816909, 6.7731816909] 

[320, 14.7102346981, 6.4770992503, 6.4770992503] 

[330, 14.5945380716, 6.7137240242, 6.7137240242] 

[340, 14.7932272518, 6.5001970179, 6.5001970179] 

[350, 14.8120305678, 6.5031298469, 6.5031298469] 

[360, 14.8307916978, 6.4238644768, 6.4238644768] 

[370, 14.7325529211, 6.790495031, 6.790495031] 

[380, 14.758754057, 6.7000036801, 6.7000036801] 

[390, 14.8044415642, 6.5927312514, 6.5927312514] 

[0, 62.7898021025, 25.8510580624, 25.8510580624] 

[10, 15.3988862879, 6.339619356, 6.339619356] 

[20, 14.8806771671, 6.0477209652, 6.0477209652] 

[30, 14.8003674675, 5.933964, 5.933964] 

[40, 14.7518023323, 5.9503447589, 5.9503447589] 

[50, 14.717548146, 5.9988430248, 5.9988430248] 

[60, 14.6762596579, 6.1689524931, 6.1689524931] 

[70, 14.6653962977, 6.0461403342, 6.0461403342] 

[80, 14.5908203125, 5.9086752499, 5.9086752499] 

[90, 14.5895735797, 6.9016732609, 6.9016732609] 

[100, 14.535712747, 6.8312315099, 6.8312315099] 

[110, 14.5533321605, 5.9831798778, 5.9831798778] 

[120, 14.4989543242, 6.1623683256, 6.1623683256] 

[130, 14.6001084272, 6.0243076998, 6.0243076998] 

[140, 14.4904668471, 6.0430037555, 6.0430037555] 

[150, 14.371265187, 6.0641178804, 6.0641178804] 

[160, 14.3355461569, 5.9930087819, 5.9930087819] 

[170, 14.4716437845, 5.883036894, 5.883036894] 

[180, 14.4591459386, 6.0895910824, 6.0895910824] 

[190, 14.5314699061, 6.2177676033, 6.2177676033] 

[200, 14.5283068489, 6.013923645, 6.013923645] 

[210, 14.4475034826, 5.9711572984, 5.9711572984] 

[220, 14.477118997, 5.9143331191, 5.9143331191] 

[230, 14.3621197869, 6.2956834681, 6.2956834681] 

[240, 14.3854944566, 6.2196219949, 6.2196219949] 

[250, 14.378006879, 6.0422825533, 6.0422825533] 

[260, 14.5137463738, 6.042803596, 6.042803596] 

[270, 14.4342543658, 5.8905531939, 5.8905531939] 

[280, 14.3204444436, 6.6610067031, 6.6610067031] 

[290, 14.2553441665, 6.2085768756, 6.2085768756] 

[300, 14.3823340921, 5.959890029, 5.959890029] 

[310, 14.4109523998, 6.0917075662, 6.0917075662] 

[320, 14.3254897174, 6.1747144811, 6.1747144811] 

[330, 14.2800580193, 5.9870381075, 5.9870381075] 

[340, 14.3546133602, 6.1661969353, 6.1661969353] 

[350, 14.3435058594, 5.9733985452, 5.9733985452] 

[360, 14.4072992661, 6.1442556942, 6.1442556942] 

[370, 14.2290523753, 5.9495732925, 5.9495732925] 

[380, 14.2001315846, 6.3991851807, 6.3991851807] 

[390, 14.2834607293, 6.5447181253, 6.5447181253] 

[0, 37.0029979033, 11.4503326416, 11.4503326416] 

[10, 5.1211094576, 3.0735211092, 3.0735211092] 

[20, 4.9951553345, 4.2030464621, 4.2030464621] 

[30, 5.0368679271, 3.2629591998, 3.2629591998] 

[40, 4.9115838444, 4.6783424826, 4.6783424826] 

[50, 4.9426978616, 4.316882414, 4.316882414] 

[60, 4.6628812902, 6.600671656, 6.600671656] 

[70, 4.2189851649, 8.5824378518, 8.5824378518] 

[80, 3.993829615, 6.5449290556, 6.5449290556] 

[90, 3.7133259493, 8.4007702996, 8.4007702996] 

[100, 3.238572289, 13.9079302619, 13.9079302619] 

[110, 3.1372447294, 4.5479561301, 4.5479561301] 

[120, 2.8857859443, 5.7571195715, 5.7571195715] 

[130, 2.6965668622, 8.8123186897, 8.8123186897] 

[140, 2.4094805998, 9.6249901267, 9.6249901267] 

[150, 2.3262313394, 5.5318132288, 5.5318132288] 

[160, 2.2970551883, 8.3546905518, 8.3546905518] 

[170, 2.1279110628, 4.699999641, 4.699999641] 

[180, 2.3111888661, 7.858818503, 7.858818503] 

[190, 2.0823893828, 6.5702254351, 6.5702254351] 

[200, 2.1645866843, 7.8480915743, 7.8480915743] 

[210, 2.1400355171, 6.7455359066, 6.7455359066] 

[220, 2.0559108959, 13.873827766, 13.873827766] 

[230, 1.9192486931, 13.5177549474, 13.5177549474] 

[240, 1.9576651629, 9.8604844037, 9.8604844037] 

[250, 2.0501314051, 11.1922185561, 11.1922185561] 

[260, 1.9817884109, 10.5222446217, 10.5222446217] 

[270, 1.8953318876, 8.940015905, 8.940015905] 

[280, 1.9554109012, 16.4712021772, 16.4712021772] 

[290, 1.9182898578, 12.9382243437, 12.9382243437] 

[300, 1.8500967587, 15.3334296731, 15.3334296731] 

[310, 1.8903454051, 13.0559566722, 13.0559566722] 

[320, 1.8314418793, 7.1002906351, 7.1002906351] 

[330, 1.92178614, 15.8896717745, 15.8896717745] 

[340, 1.8027379653, 8.5648660099, 8.5648660099] 

[350, 1.7568930458, 19.0510038488, 19.0510038488] 

[360, 1.8028674406, 13.2222532385, 13.2222532385] 

[370, 1.7796713885, 15.6190706141, 15.6190706141] 

[380, 1.691233691, 12.3266260484, 12.3266260484] 

[390, 1.6703281403, 8.2675772274, 8.2675772274] 

