[0, 15.594767851, 19.0116433536, 19.0116433536] 

[10, 7.6446308809, 7.8489182416, 7.8489182416] 

[20, 6.6057806576, 7.0697766472, 7.0697766472] 

[30, 6.2920913696, 6.1330032349, 6.1330032349] 

[40, 5.6351201675, 5.98462677, 5.98462677] 

[50, 5.4684757906, 7.3661023308, 7.3661023308] 

[60, 4.8957672119, 5.9603293924, 5.9603293924] 

[70, 4.3225784302, 11.601716883, 11.601716883] 

[80, 3.6961818022, 3.1767064263, 3.1767064263] 

[90, 3.5358426711, 6.684209487, 6.684209487] 

[100, 3.5087715598, 5.6924721213, 5.6924721213] 

[110, 3.5493009231, 4.8751620124, 4.8751620124] 

[120, 3.7027657453, 2.7970753838, 2.7970753838] 

[130, 3.2341393863, 3.9353390862, 3.9353390862] 

[140, 3.2917695887, 4.0698224236, 4.0698224236] 

[150, 3.2816011765, 4.2791092817, 4.2791092817] 

[160, 3.2879981995, 5.7093447517, 5.7093447517] 

[170, 3.1423155841, 6.3600217034, 6.3600217034] 

[180, 3.1889002183, 6.2237364825, 6.2237364825] 

[190, 3.1871616139, 4.7825748219, 4.7825748219] 

[200, 3.0615326377, 5.4894252104, 5.4894252104] 

[210, 3.156251122, 4.1673489739, 4.1673489739] 

[220, 3.0496514264, 5.2021426033, 5.2021426033] 

[230, 3.0804735072, 3.475924548, 3.475924548] 

[240, 2.9989175236, 6.3058108161, 6.3058108161] 

[250, 2.7473725712, 5.0951205983, 5.0951205983] 

[260, 2.8530874813, 5.0320663452, 5.0320663452] 

[270, 3.1765300526, 9.3806861429, 9.3806861429] 

[280, 2.9528409173, 2.8198275847, 2.8198275847] 

[290, 2.8048400879, 5.9097276575, 5.9097276575] 

[300, 2.9925359838, 5.5063804178, 5.5063804178] 

[310, 2.914717506, 6.0378090354, 6.0378090354] 

[320, 2.8387415269, 5.7150111479, 5.7150111479] 

[330, 2.7085775488, 5.4929930743, 5.4929930743] 

[340, 3.0376337837, 2.9827835981, 2.9827835981] 

[350, 2.9113782995, 3.1433175031, 3.1433175031] 

[360, 2.6288086386, 2.723259421, 2.723259421] 

[370, 2.8153141246, 2.42592935, 2.42592935] 

[380, 2.830196605, 3.1920260261, 3.1920260261] 

[390, 2.9323665395, 1.9827611587, 1.9827611587] 

[0, 14.7968417897, 17.2752775304, 17.2752775304] 

[10, 6.7656173706, 3.783806296, 3.783806296] 

[20, 6.3877783383, 7.8581507066, 7.8581507066] 

[30, 5.8523698695, 7.0876482795, 7.0876482795] 

[40, 5.6164909812, 5.9823756498, 5.9823756498] 

[50, 5.1069192325, 5.4698939604, 5.4698939604] 

[60, 4.9551741656, 4.1690929637, 4.1690929637] 

[70, 4.3546102187, 3.8771945729, 3.8771945729] 

[80, 3.9389316334, 4.4298347024, 4.4298347024] 

[90, 3.7676629459, 4.2942406149, 4.2942406149] 

[100, 3.4843013988, 2.7082393871, 2.7082393871] 

[110, 3.6058089312, 3.4930431142, 3.4930431142] 

[120, 3.5708312988, 4.6099858004, 4.6099858004] 

[130, 3.629387575, 5.2441392786, 5.2441392786] 

[140, 3.628811107, 6.1381755156, 6.1381755156] 

[150, 3.0063669541, 3.9249702902, 3.9249702902] 

[160, 3.1313063678, 3.0753824571, 3.0753824571] 

[170, 3.1998477263, 4.1189916274, 4.1189916274] 

[180, 2.954796735, 3.3693607555, 3.3693607555] 

[190, 2.9623668895, 3.1649802713, 3.1649802713] 

[200, 3.1028002571, 3.5639516045, 3.5639516045] 

[210, 2.9993232278, 3.1964322258, 3.1964322258] 

[220, 3.2157222523, 3.3748317045, 3.3748317045] 

[230, 3.1572806414, 3.7666159237, 3.7666159237] 

[240, 3.1772770601, 4.5200056188, 4.5200056188] 

[250, 3.3144241782, 4.275018131, 4.275018131] 

[260, 3.2419720818, 3.0488541547, 3.0488541547] 

[270, 2.7798948849, 3.6987612107, 3.6987612107] 

[280, 2.9737308727, 3.2725129969, 3.2725129969] 

[290, 2.9131025427, 4.4883328606, 4.4883328606] 

[300, 2.8528278575, 3.9395891077, 3.9395891077] 

[310, 3.0693087858, 3.365151798, 3.365151798] 

[320, 2.939148398, 3.2102665621, 3.2102665621] 

[330, 2.8222799862, 3.1649062213, 3.1649062213] 

[340, 2.9464584799, 3.5342411714, 3.5342411714] 

[350, 2.8801444559, 2.682990579, 2.682990579] 

[360, 3.1797391106, 3.4254693424, 3.4254693424] 

[370, 2.714057698, 2.5027362599, 2.5027362599] 

[380, 2.9878616333, 3.4402382795, 3.4402382795] 

[390, 2.7019067652, 3.4061196271, 3.4061196271] 

[0, 5.2899130888, 2.6784276095, 2.6784276095] 

[10, 3.1389234676, 1.7726610357, 1.7726610357] 

[20, 3.0342982093, 1.8031723716, 1.8031723716] 

[30, 2.9712444572, 1.6855519035, 1.6855519035] 

[40, 3.0008438465, 1.7541762265, 1.7541762265] 

[50, 2.990563681, 1.72470717, 1.72470717] 

[60, 3.0652256456, 1.9880797646, 1.9880797646] 

[70, 2.9186985105, 1.9754838077, 1.9754838077] 

[80, 2.9505214248, 1.5301952362, 1.5301952362] 

[90, 3.0945821363, 1.9159157493, 1.9159157493] 

[100, 2.9011500159, 1.8045134111, 1.8045134111] 

[110, 2.9123835009, 2.0878826488, 2.0878826488] 

[120, 3.0148038642, 2.0572325967, 2.0572325967] 

[130, 2.9312069915, 1.9104883021, 1.9104883021] 

[140, 2.8665253395, 2.1441568895, 2.1441568895] 

[150, 2.8604228885, 1.7304821014, 1.7304821014] 

[160, 2.8997997905, 1.7613469904, 1.7613469904] 

[170, 2.9421099286, 1.5437290885, 1.5437290885] 

[180, 2.8857260416, 1.7962995009, 1.7962995009] 

[190, 2.9261233308, 1.7645156167, 1.7645156167] 

[200, 2.8695236916, 1.9395344474, 1.9395344474] 

[210, 2.9013159109, 2.1116830652, 2.1116830652] 

[220, 2.8644327563, 1.6028404236, 1.6028404236] 

[230, 2.8988083241, 1.7081860629, 1.7081860629] 

[240, 2.8349307748, 1.5983973416, 1.5983973416] 

[250, 2.9587627677, 1.9355137565, 1.9355137565] 

[260, 2.9004536119, 1.6840889671, 1.6840889671] 

[270, 2.9480324679, 2.0948982239, 2.0948982239] 

[280, 2.8260863548, 1.6817378998, 1.6817378998] 

[290, 2.8294502081, 1.7131942402, 1.7131942402] 

[300, 2.8910960708, 1.882598877, 1.882598877] 

[310, 2.8811709382, 1.6244971535, 1.6244971535] 

[320, 2.8559981945, 1.7752609253, 1.7752609253] 

[330, 2.8284798556, 1.6342440518, 1.6342440518] 

[340, 2.8582328974, 1.5147963437, 1.5147963437] 

[350, 2.8552152057, 1.8022993261, 1.8022993261] 

[360, 2.9031773057, 1.8955480402, 1.8955480402] 

[370, 2.9530589969, 2.0603309978, 2.0603309978] 

[380, 2.8336513431, 1.7466389049, 1.7466389049] 

[390, 2.7694432458, 1.9488473372, 1.9488473372] 

[0, 5.1779870322, 2.8134900873, 2.8134900873] 

[10, 3.1401168468, 2.1184714924, 2.1184714924] 

[20, 3.0951328721, 1.7676835494, 1.7676835494] 

[30, 2.9725315183, 1.8658140356, 1.8658140356] 

[0, 5.3305103391, 3.0409060392, 3.0409060392] 

[10, 3.2165970913, 1.8779267398, 1.8779267398] 

[20, 3.0404872451, 1.9982757568, 1.9982757568] 

[30, 3.1671582599, 2.4667179801, 2.4667179801] 

[40, 3.0016032374, 1.9271750017, 1.9271750017] 

[50, 3.0399191213, 1.6602446816, 1.6602446816] 

[60, 2.9458511707, 1.715245507, 1.715245507] 

[70, 2.9931995481, 1.8375767795, 1.8375767795] 

[80, 2.9666331092, 1.8825315996, 1.8825315996] 

[0, 3.7055454872, 1.9229147593, 1.9229147593] 

[10, 3.0995249335, 1.8311673482, 1.8311673482] 

