Data type: pos, num_epochs: 500, 	 lr: 0.0005 
 

[10, 29111.6373626374, 12521.6671195652, 12521.6671195652] 

[20, 28861.956043956, 12550.1875, 12550.1875] 

[30, 28465.5824175824, 12029.8614130435, 12029.8614130435] 

[40, 28603.9230769231, 13995.5638586957, 13995.5638586957] 

[50, 29103.010989011, 17395.4918478261, 17395.4918478261] 

[60, 28203.760989011, 12749.5081521739, 12749.5081521739] 

[70, 28111.2554945055, 14157.1005434783, 14157.1005434783] 

[80, 27815.4478021978, 15245.8328804348, 15245.8328804348] 

[90, 28031.521978022, 13697.2201086957, 13697.2201086957] 

[100, 27049.2527472527, 12407.0230978261, 12407.0230978261] 

[110, 27691.4752747253, 13629.9239130435, 13629.9239130435] 

[120, 28137.978021978, 12679.7336956522, 12679.7336956522] 

[130, 27234.2335164835, 14911.0529891304, 14911.0529891304] 

[140, 27691.7747252747, 11552.8994565217, 11552.8994565217] 

[150, 26849.010989011, 10378.9972826087, 10378.9972826087] 

[160, 27186.9258241758, 14376.6263586957, 14376.6263586957] 

[170, 27769.0302197802, 13063.3573369565, 13063.3573369565] 

[180, 26468.6593406593, 12886.1059782609, 12886.1059782609] 

[190, 26617.1813186813, 10189.707201087, 10189.707201087] 

[200, 26417.771978022, 13727.8546195652, 13727.8546195652] 

[210, 26188.2884615385, 12939.0054347826, 12939.0054347826] 

[220, 26842.6456043956, 11744.3682065217, 11744.3682065217] 

[230, 26900.6181318681, 11425.4605978261, 11425.4605978261] 

[240, 25720.1538461538, 15487.870923913, 15487.870923913] 

[250, 26291.7747252747, 11351.8831521739, 11351.8831521739] 

[260, 26021.0549450549, 11895.9239130435, 11895.9239130435] 

[270, 26080.8159340659, 10756.785326087, 10756.785326087] 

[280, 26605.5659340659, 10188.9714673913, 10188.9714673913] 

[290, 25192.8736263736, 9172.5692934783, 9172.5692934783] 

[300, 25809.2335164835, 12087.1725543478, 12087.1725543478] 

[310, 25323.032967033, 15940.3559782609, 15940.3559782609] 

[320, 25166.1373626374, 10773.4898097826, 10773.4898097826] 

[330, 25277.9725274725, 14964.5625, 14964.5625] 

[340, 25651.2637362637, 18392.933423913, 18392.933423913] 

[350, 25274.0879120879, 11284.0387228261, 11284.0387228261] 

[360, 25739.6236263736, 13099.6426630435, 13099.6426630435] 

[370, 25906.3489010989, 15445.6277173913, 15445.6277173913] 

[380, 25755.5521978022, 10174.792798913, 10174.792798913] 

[390, 25386.8269230769, 11423.5067934783, 11423.5067934783] 

[400, 24852.3708791209, 13271.0434782609, 13271.0434782609] 

[410, 25026.25, 10991.2282608696, 10991.2282608696] 

[420, 25421.6263736264, 12437.8614130435, 12437.8614130435] 

[430, 24429.217032967, 13313.7377717391, 13313.7377717391] 

[440, 24989.6181318681, 15872.3736413043, 15872.3736413043] 

[450, 24788.739010989, 14087.8328804348, 14087.8328804348] 

[460, 24913.1071428571, 12119.8600543478, 12119.8600543478] 

[470, 24444.5521978022, 10908.8661684783, 10908.8661684783] 

[480, 24423.9917582418, 12657.7391304348, 12657.7391304348] 

[490, 23205.6620879121, 11059.1005434783, 11059.1005434783] 

