Data type: pos, num_epochs: 500, 	 lr: 0.0001 
0.4166666667] 

[10, 187972.7613636364, 179178.2083333333, 179178.2083333333] 

[20, 141373.125, 136174.1979166667, 136174.1979166667] 

[30, 78428.2840909091, 87392.2083333333, 87392.2083333333] 

[40, 43241.5767045455, 57892.0572916667, 57892.0572916667] 

[50, 31047.3011363636, 41940.4427083333, 41940.4427083333] 

[60, 23990.6761363636, 33502.5911458333, 33502.5911458333] 

[70, 22422.8849431818, 30197.3802083333, 30197.3802083333] 

[80, 19360.1264204545, 26106.0260416667, 26106.0260416667] 

[90, 16885.2684659091, 24372.0052083333, 24372.0052083333] 

[100, 17253.1136363636, 24223.484375, 24223.484375] 

[110, 16667.6463068182, 22853.6614583333, 22853.6614583333] 

[120, 14968.4985795455, 21354.5598958333, 21354.5598958333] 

[130, 15287.7073863636, 18805.6549479167, 18805.6549479167] 

[140, 13201.46875, 17714.48828125, 17714.48828125] 

[150, 14702.9005681818, 18741.06640625, 18741.06640625] 

[160, 14741.5596590909, 17928.6158854167, 17928.6158854167] 

[170, 14291.6122159091, 18293.6848958333, 18293.6848958333] 

[180, 13059.1065340909, 17917.5130208333, 17917.5130208333] 

[190, 13089.5838068182, 17811.9075520833, 17811.9075520833] 

[200, 12447.1122159091, 17096.9140625, 17096.9140625] 

[210, 13474.0724431818, 19005.4765625, 19005.4765625] 

[220, 12989.3025568182, 17973.453125, 17973.453125] 

[230, 13184.8224431818, 19029.4830729167, 19029.4830729167] 

[240, 11149.8686079545, 18609.9114583333, 18609.9114583333] 

[250, 14043.9161931818, 19942.5455729167, 19942.5455729167] 

[260, 12068.28125, 19967.2565104167, 19967.2565104167] 

[270, 12352.4744318182, 18579.7408854167, 18579.7408854167] 

[280, 12796.2940340909, 17934.17578125, 17934.17578125] 

[290, 12398.59375, 18572.2369791667, 18572.2369791667] 

[300, 12479.4360795455, 18626.390625, 18626.390625] 

[310, 11279.7379261364, 17943.1484375, 17943.1484375] 

[320, 13265.7684659091, 17779.0494791667, 17779.0494791667] 

[330, 14568.9289772727, 19196.1158854167, 19196.1158854167] 

[340, 11863.3615056818, 18844.81640625, 18844.81640625] 

[350, 12904.1164772727, 18108.7578125, 18108.7578125] 

[360, 12535.3267045455, 19162.484375, 19162.484375] 

[370, 11200.4197443182, 18622.6184895833, 18622.6184895833] 

[380, 11677.5078125, 19957.0520833333, 19957.0520833333] 

[390, 12806.421875, 18545.5755208333, 18545.5755208333] 

[400, 10748.0667613636, 19041.49609375, 19041.49609375] 

[410, 11625.8394886364, 20416.69921875, 20416.69921875] 

[420, 11203.8806818182, 19575.5950520833, 19575.5950520833] 

[430, 12201.4602272727, 19219.3997395833, 19219.3997395833] 

[440, 10442.7713068182, 19556.2356770833, 19556.2356770833] 

[450, 12332.6988636364, 20694.0130208333, 20694.0130208333] 

[460, 11657.7528409091, 20121.2109375, 20121.2109375] 

[470, 11984.0610795455, 20275.4283854167, 20275.4283854167] 

[480, 11286.6832386364, 19385.8190104167, 19385.8190104167] 

[490, 10967.7194602273, 20383.6028645833, 20383.6028645833] 

