[0, 8.7195909926, 3.8755215732, 3.8755215732] 

[1, 6.2525696998, 2.4691519902, 2.4691519902] 

[2, 5.9736412377, 2.5742480239, 2.5742480239] 

[3, 5.7858911612, 2.5445612127, 2.5445612127] 

[4, 5.6842624081, 2.485985448, 2.485985448] 

[5, 5.5556820619, 2.612245183, 2.612245183] 

[6, 5.4677615656, 2.5441098587, 2.5441098587] 

[7, 5.3722223499, 3.0872649668, 3.0872649668] 

[8, 5.3166172641, 2.8520871345, 2.8520871345] 

[9, 5.2164541207, 2.3346915409, 2.3346915409] 

[10, 5.162399663, 2.6239118905, 2.6239118905] 

[11, 5.0799816176, 2.5897400476, 2.5897400476] 

[12, 5.0299088542, 2.6415675053, 2.6415675053] 

[13, 4.9835991115, 3.206567268, 3.206567268] 

[14, 4.9312304687, 2.5798766516, 2.5798766516] 

[15, 4.8855311734, 3.0244532857, 3.0244532857] 

[16, 4.8649226409, 2.9285192221, 2.9285192221] 

[17, 4.8321151195, 3.0968545657, 3.0968545657] 

[18, 4.7960650276, 2.7443673543, 2.7443673543] 

[19, 4.7737408088, 2.825600364, 2.825600364] 

[20, 4.7384497549, 2.5442147091, 2.5442147091] 

[21, 4.7416781556, 3.1346682366, 3.1346682366] 

[22, 4.7072510723, 3.1924346637, 3.1924346637] 

[23, 4.677801777, 2.8396003747, 2.8396003747] 

[24, 4.6541467525, 2.7183172053, 2.7183172053] 

[25, 4.6356564032, 3.1580083482, 3.1580083482] 

[26, 4.6264185049, 2.3838919995, 2.3838919995] 

[27, 4.5904940257, 2.8514161304, 2.8514161304] 

[28, 4.5874291513, 2.9632403813, 2.9632403813] 

[29, 4.5746361826, 2.7010641546, 2.7010641546] 

[30, 4.5503109681, 2.575135234, 2.575135234] 

[31, 4.5313568474, 2.8481697872, 2.8481697872] 

[32, 4.531260723, 3.0679834061, 3.0679834061] 

[33, 4.5040984988, 3.0271242913, 3.0271242913] 

[34, 4.4941245404, 2.9331043208, 2.9331043208] 

[35, 4.4782123162, 2.9209801366, 2.9209801366] 

[36, 4.470189568, 3.0548361656, 3.0548361656] 

[37, 4.4633586091, 2.8336328967, 2.8336328967] 

[38, 4.4451325061, 2.8049798565, 2.8049798565] 

[39, 4.4386083027, 2.9768108499, 2.9768108499] 

[40, 4.4197242647, 2.8023649114, 2.8023649114] 

[41, 4.4147851562, 3.0255373772, 3.0255373772] 

[42, 4.419318704, 3.078124426, 3.078124426] 

[43, 4.3964311428, 2.7116859938, 2.7116859938] 

[44, 4.3928071385, 2.8463305052, 2.8463305052] 

[45, 4.382834712, 2.6676413796, 2.6676413796] 

[46, 4.3827657782, 2.9658846003, 2.9658846003] 

[47, 4.366818704, 2.6269875649, 2.6269875649] 

[48, 4.3662940411, 2.7302684246, 2.7302684246] 

[49, 4.3589924173, 2.8739413557, 2.8739413557] 

