[0, 1.2467712402, 0.1430384772, 0.501457396] 

[10, 0.9333416839, 0.1073382923, 0.3721627508] 

[20, 0.9147595761, 0.1019918237, 0.3665727207] 

[30, 0.9097444904, 0.1005314191, 0.3599854197] 

[40, 0.9091257579, 0.0805521295, 0.2876568068] 

[50, 0.9049397483, 0.0889731475, 0.3248118219] 

[60, 0.9010672043, 0.0994114762, 0.3432597433] 

[70, 0.9004368113, 0.0873008853, 0.3112800008] 

[80, 0.9013776637, 0.0870556718, 0.3053623608] 

[90, 0.8993595863, 0.0856368939, 0.3058503242] 

[99, 0.8998350229, 0.1150061289, 0.3817685445] 

