[0, 10.6080035266, 1.3616827647, 8.2434605916] 

[10, 8.8784868486, 1.3853022257, 7.6521713257] 

[20, 8.8403927475, 1.4178985596, 8.404107666] 

[30, 8.8246065178, 1.4076428731, 8.3285695394] 

[40, 8.8023425255, 1.3870591482, 7.7246871948] 

[50, 8.8039170667, 1.3798178355, 7.719106547] 

[60, 8.7930616102, 1.397428894, 8.0130142212] 

[70, 8.7802856828, 1.387340037, 7.7386062622] 

[80, 8.7977760498, 1.3804045359, 7.6167236328] 

[90, 8.7757243094, 1.4116804759, 8.2836176554] 

[100, 8.7650576345, 1.3932364146, 7.759552002] 

[110, 8.7525796761, 1.3912747701, 7.8396774292] 

[120, 8.7344566353, 1.3768218994, 7.5648732503] 

[130, 8.743835513, 1.3921740214, 7.8403274536] 

[140, 8.7602584982, 1.4041074117, 8.0061340332] 

[150, 8.7399833464, 1.3807065328, 7.5804773966] 

[160, 8.73278005, 1.4086743673, 8.4116923014] 

[170, 8.7476917614, 1.393523407, 7.7425257365] 

[180, 8.758614567, 1.3904872894, 7.7041931152] 

[190, 8.7373087693, 1.3778549194, 7.5640370687] 

[200, 8.7257788009, 1.3955580393, 7.8472513835] 

[210, 8.7392823031, 1.3909645081, 7.8256657918] 

[220, 8.7483305577, 1.4118916829, 8.1062143962] 

[230, 8.7614085358, 1.3739227295, 7.630112203] 

[240, 8.7317371588, 1.3827860514, 7.7196828206] 

