[0, 2.0770018441, 0.5844956353, 0.8320353372] 

[10, 1.3085401626, 0.579792386, 0.6319731758] 

[20, 1.2806628999, 0.5987029303, 0.6122010549] 

[29, 1.2680099124, 0.5759677887, 0.5563359488] 

[0, 4.320687188, 5.5446001689, 18.5164311727] 

[10, 0.5347552829, 0.5774049362, 0.2949405114] 

[20, 0.544652356, 0.5776249568, 0.2750065724] 

[29, 0.5178976059, 0.579180479, 0.3322007259] 

[0, 1.6685999916, 0.571301324, 0.618263063] 

[10, 1.0065187727, 0.5704722177, 0.3933237621] 

[20, 0.9835577465, 0.6015996933, 0.4481069474] 

[29, 0.9769506, 0.5907802128, 0.401488622] 

[0, 4.6366076999, 1.6831007004, 5.0674101512] 

[10, 1.0108602312, 0.6445389589, 0.7782526016] 

[20, 0.9809835222, 0.6155384779, 0.6716696421] 

[29, 0.9362139172, 0.6332039436, 0.7780671914] 

[0, 2.9385494232, 0.906929493, 2.0380756378] 

[10, 0.9202753067, 0.62690382, 0.6196500778] 

[20, 0.8539333344, 0.6305752277, 0.6213431835] 

[29, 0.8312568665, 0.6281164169, 0.5345489502] 

[0, 2.3591768645, 0.1660620698, 1.0000206059] 

[10, 1.7979752012, 0.1711288354, 0.8140761547] 

[20, 1.7729343194, 0.1235462254, 1.0198476416] 

[29, 1.7675872737, 0.1455269349, 0.7175977658] 

