Data type: eucl_motion, num_epochs: 500, 	 lr: 0.0005 
7] 

[10, 3082.9805253623, 1622.3497767857, 256981.0] 

[20, 2940.5414402174, 1533.8665178571, 277003.2571428571] 

[30, 2970.4970561594, 1719.6728794643, 264889.4571428571] 

[40, 2824.9846014493, 1515.3565848214, 264584.4285714286] 

[50, 2905.9619565217, 1602.9143973214, 259306.8] 

[60, 2810.3752264493, 1358.6892857143, 276184.5714285714] 

[70, 2675.5056612319, 1469.7627232143, 269437.4] 

[80, 2714.9547101449, 1598.6472098214, 271526.6285714286] 

[90, 2731.1985960145, 1868.3033482143, 252159.8] 

[100, 2658.265625, 1543.6912946429, 260635.6857142857] 

[110, 2668.7456974638, 1433.9431919643, 261854.2285714286] 

[120, 2708.0656702899, 1683.3265625, 270739.2857142857] 

[130, 2587.5120018116, 1475.5677455357, 263213.4285714286] 

[140, 2607.8272192029, 1394.0921875, 271038.6571428571] 

[150, 2758.9071557971, 1391.3546875, 279817.3714285714] 

[160, 2702.9223278986, 1434.7946428571, 260745.4857142857] 

[170, 2654.399682971, 1445.6735491071, 262375.1428571428] 

[180, 2777.884057971, 1454.7235491071, 269377.6571428571] 

[190, 2678.03125, 1668.8102678571, 261213.2] 

[200, 2727.8704710145, 1486.2672991071, 264051.3142857143] 

[210, 2648.8962862319, 1612.9080357143, 262635.9428571428] 

[220, 2640.7373188406, 1568.00546875, 266210.2857142857] 

[230, 2687.6460597826, 1403.5892857143, 261075.7428571428] 

[240, 2698.9024003623, 1444.2316964286, 271829.1142857143] 

[250, 2698.0113224638, 1494.4681919643, 275130.3428571429] 

[260, 2750.9916213768, 1635.8850446429, 267314.2571428571] 

[270, 2626.921875, 1591.1175223214, 269535.5142857143] 

[280, 2679.3118206522, 1422.45703125, 268607.2285714286] 

[290, 2680.9499547101, 1525.5370535714, 271635.6571428571] 

[300, 2605.3804347826, 1384.0848214286, 265794.4] 

[310, 2568.6582880435, 1495.8805803571, 265140.2] 

[320, 2625.274682971, 1445.9342633929, 271501.5714285714] 

[330, 2625.7389039855, 1463.4577008929, 263711.3428571429] 

[340, 2639.5824275362, 1660.6779017857, 270176.8285714285] 

[350, 2691.0735960145, 1529.06328125, 266450.9714285714] 

[360, 2693.9191576087, 1529.2013392857, 258493.5428571429] 

[370, 2626.6252264493, 1576.4872767857, 261060.3142857143] 

[380, 2672.5149456522, 1517.3228794643, 270936.1142857143] 

[390, 2642.8016304348, 1443.2168526786, 267021.4] 

[400, 2640.368432971, 1459.63203125, 262012.0571428571] 

[410, 2515.174365942, 1554.5622767857, 253860.6] 

[420, 2658.3829257246, 1463.8130580357, 260975.1714285714] 

[430, 2713.9866394928, 1587.4305803571, 262260.4] 

[440, 2690.0985054348, 1438.5119419643, 262369.8285714285] 

[450, 2660.3727355072, 1539.9237723214, 264308.9428571428] 

[460, 2645.0803894928, 1592.9375, 253606.8571428571] 

[470, 2631.825634058, 1523.3262276786, 259383.6857142857] 

[480, 2613.9329710145, 1427.6784598214, 261916.6] 

[490, 2687.4968297101, 1507.9658482143, 258773.4571428571] 

