Data type: eucl_motion, num_epochs: 500, 	 lr: 0.0001 
14] 

[10, 4072.5421195652, 3584.5035714286, 250361.8571428571] 

[20, 2647.6512681159, 1750.2475446429, 242534.0857142857] 

[30, 2478.5905797101, 1543.9112723214, 248650.7142857143] 

[40, 2392.544384058, 1224.4572544643, 242557.4] 

[50, 2401.1591938406, 1262.9015625, 252159.0857142857] 

[60, 2350.4458786232, 1205.35234375, 248818.8857142857] 

[70, 2293.2015398551, 1048.4276785714, 250298.9714285714] 

[80, 2293.65625, 1272.9640625, 248690.0285714286] 

[90, 2354.4209692029, 1289.1094866071, 254624.9714285714] 

[100, 2393.629076087, 1295.6237723214, 261970.4857142857] 

[110, 2331.4574275362, 1149.74765625, 247293.2571428572] 

[120, 2303.0706521739, 1259.6529017857, 250085.3142857143] 

[130, 2317.5285326087, 1237.2334821429, 241975.7714285714] 

[140, 2300.2599637681, 1164.8675223214, 243547.6285714286] 

[150, 2218.1766304348, 1132.8655133929, 238169.6142857143] 

[160, 2294.3928894928, 1088.2870535714, 239354.8142857143] 

[170, 2175.6619112319, 1131.3302455357, 242083.4] 

[180, 2185.9254981884, 1095.0034598214, 235721.1428571429] 

[190, 2235.7225996377, 1075.7457589286, 228247.5428571429] 

[200, 2143.9617300725, 1169.8912946429, 219516.1428571429] 

[210, 2151.1634963768, 1237.1592633929, 222889.0857142857] 

[220, 2331.0581974638, 1372.6665178571, 220151.0714285714] 

[230, 2164.8797554348, 1239.5709821429, 217578.3714285714] 

[240, 2114.2008605072, 1414.2639508929, 231637.5571428571] 

[250, 2078.042798913, 1107.1313616071, 223700.7] 

[260, 2171.6392663043, 1154.2561383929, 217371.4142857143] 

[270, 2190.3770380435, 1219.2862723214, 199599.8285714286] 

[280, 2219.0566123188, 1132.6111607143, 188455.3285714286] 

[290, 2193.2067481884, 1194.4474330357, 190045.1571428571] 

[300, 2135.5980525362, 1135.696875, 177513.6714285714] 

[310, 2134.8727355072, 1349.5416294643, 182457.6428571429] 

[320, 2170.5045289855, 1097.6165178571, 174781.9285714286] 

[330, 2088.7932518116, 1289.3322544643, 183234.0285714286] 

[340, 2189.481884058, 1176.13203125, 172161.7857142857] 

[350, 2073.9207427536, 1026.1577008929, 160370.6] 

[360, 2139.6895380435, 1084.90859375, 168331.3571428571] 

[370, 2090.535326087, 1131.4602678571, 156574.3285714286] 

[380, 2107.953125, 1156.8466517857, 169135.8428571429] 

[390, 2006.8018568841, 1032.36328125, 142490.3285714286] 

[400, 1977.5013586957, 1041.3690848214, 142439.0285714286] 

[410, 2085.5973731884, 1004.5639508929, 133329.6142857143] 

[420, 2153.3978713768, 1056.3481026786, 150017.5285714286] 

[430, 2000.5971467391, 1003.6102678571, 149745.7857142857] 

[440, 2178.537817029, 1058.7657366071, 142860.3285714286] 

[450, 2095.5892210145, 1039.6815848214, 169178.1714285714] 

[460, 2041.203125, 1012.7881696429, 134002.5571428571] 

[470, 2078.9798460145, 941.3308035714, 138982.0285714286] 

[480, 2076.4295742754, 1015.7703125, 131678.9142857143] 

[490, 2026.9968297101, 1041.2665178571, 138179.4857142857] 

