[0, 1.4128090019, 0.118624971, 0.6420054209] 

[10, 1.038773995, 0.1070655641, 0.4949208668] 

[20, 1.0261093823, 0.1066471963, 0.4395559402] 

[29, 1.011713102, 0.1011050883, 0.4375522704] 

[0, 1.4166962125, 0.1169071538, 0.5850574403] 

[10, 1.0488194708, 0.105096045, 0.4477792922] 

[20, 1.0313517556, 0.0927758614, 0.3988549369] 

[29, 1.0280306233, 0.0928924254, 0.4312195097] 

[0, 4.3639083635, 3.2581267584, 2.866717384] 

[10, 3.2871647621, 3.3053163801, 2.2332676479] 

[20, 3.2205967234, 3.3158104306, 2.1218274434] 

