Data type: quat, num_epochs: 1000, 	 lr: 0.05 
325.913043] 

[10, 136941.5274725275, 48360.3532608696, 5874144478.608696] 

[20, 153135.7582417582, 57121.027173913, 7383701058.782609] 

[30, 161557.5384615385, 53791.2608695652, 6159272737.391304] 

[40, 153913.021978022, 51918.1358695652, 5430373153.391304] 

[50, 153293.010989011, 56722.7173913043, 6215893704.347826] 

[60, 155941.8241758242, 47490.1739130435, 5073577716.869565] 

[70, 140066.7362637363, 40169.9673913043, 3091576386.7826085] 

[80, 129874.1868131868, 40296.3043478261, 3739553970.0869565] 

[90, 137246.2747252747, 46977.777173913, 4841020727.652174] 

[100, 118222.8571428571, 53306.0652173913, 7320371200.0] 

[110, 144164.6263736264, 53958.652173913, 7011435920.695652] 

[120, 147532.4615384615, 44335.1929347826, 5356592795.826087] 

[130, 121393.1428571429, 48885.0434782609, 4043532377.0434785] 

[140, 136124.8021978022, 55086.7934782609, 6918160384.0] 

[150, 129693.7802197802, 43390.5923913043, 4108706148.173913] 

[160, 133746.8461538462, 52123.5434782609, 5676805965.913043] 

[170, 143130.5604395604, 44995.8233695652, 3606500574.6086955] 

[180, 122196.7912087912, 37866.1548913043, 2685682376.347826] 

[190, 127051.1428571429, 38042.3777173913, 2323034646.2608695] 

[200, 125239.3956043956, 31914.6413043478, 2710352762.4347825] 

[210, 145105.2087912088, 45830.5054347826, 4473375877.565217] 

[220, 139290.1758241758, 33750.2309782609, 2473337722.4347825] 

[230, 133600.0, 39418.1711956522, 3844516997.5652175] 

[240, 142262.0879120879, 46979.6195652174, 4147909498.4347825] 

[250, 124119.6593406593, 41025.5190217391, 2640106006.2608695] 

[260, 131909.945054945, 44972.2119565217, 5771765136.695652] 

[270, 136354.3736263736, 46574.875, 3973423816.347826] 

[280, 122412.6373626374, 39288.9429347826, 3623667088.695652] 

[290, 114067.6043956044, 46594.7608695652, 4741790675.478261] 

[300, 115554.989010989, 36332.7282608696, 2571033199.304348] 

[310, 115982.6043956044, 53829.0380434783, 6440328859.826087] 

[320, 143233.5604395604, 50023.1304347826, 4400624150.26087] 

[330, 127887.7912087912, 50565.0163043478, 5617517968.695652] 

[340, 135238.5274725275, 41429.3641304348, 3522186017.3913045] 

[350, 118507.2087912088, 48039.8695652174, 7406993408.0] 

[360, 110159.9120879121, 44969.8097826087, 5017028697.043478] 

[370, 126578.1758241758, 47009.1141304348, 5567184183.652174] 

[380, 131112.1648351648, 44271.1494565217, 3431559346.0869565] 

[390, 120705.0, 38753.910326087, 3088523264.0] 

[400, 116352.8021978022, 34714.3206521739, 2777562957.9130435] 

[410, 130086.7692307692, 47764.2989130435, 4918540555.130435] 

[420, 126343.010989011, 36552.8668478261, 3704261409.3913045] 

[430, 136473.7032967033, 43236.8451086957, 3416764594.0869565] 

[440, 117526.1208791209, 47289.6413043478, 5015915653.565217] 

[450, 124595.8131868132, 42401.589673913, 4376544656.695652] 

[460, 127046.3736263736, 42876.4945652174, 4987578813.217391] 

[470, 136007.8351648352, 42403.3369565217, 4787822948.173913] 

[480, 126860.1318681319, 39709.660326087, 3719061504.0] 

[490, 134580.945054945, 42958.0652173913, 4277975307.130435] 

[500, 145047.9010989011, 37937.6413043478, 2878822845.2173915] 

[510, 126739.1318681319, 48677.2173913043, 5327193844.869565] 

[520, 123112.0989010989, 42822.0081521739, 4256209163.130435] 

[530, 131551.5274725275, 41999.6548913043, 3358237384.347826] 

[540, 135581.3846153846, 38140.9211956522, 3245173181.2173915] 

[550, 131019.2747252747, 44293.5733695652, 3252110380.521739] 

[560, 141404.7802197802, 54652.5869565217, 6428893540.173913] 

[570, 121147.2197802198, 47326.6195652174, 5259812151.652174] 

[580, 131224.3736263736, 48433.972826087, 5233136150.26087] 

[590, 121939.7142857143, 49389.7934782609, 6174830413.913043] 

[600, 136425.5824175824, 36122.6684782609, 2819808567.652174] 

[610, 144532.6153846154, 40015.5380434783, 3726205996.521739] 

[620, 130573.4835164835, 46806.5108695652, 4645649007.304348] 

[630, 116444.4945054945, 48190.7880434783, 3832485442.7826085] 

[640, 124922.8241758242, 42899.1983695652, 3940420385.3913045] 

[650, 123184.7472527473, 42098.2038043478, 3986231830.2608695] 

[660, 117578.4395604396, 35643.8206521739, 2769898273.3913045] 

[670, 115808.6373626374, 45609.4239130435, 5223961110.26087] 

[680, 109758.3186813187, 37136.0815217391, 3070361243.826087] 

[690, 119302.4175824176, 56995.0434782609, 8776544077.913044] 

[700, 126623.4505494505, 50380.3532608696, 6443620619.130435] 

[710, 110499.6153846154, 38047.8641304348, 2601101579.130435] 

[720, 131010.7252747253, 36451.8206521739, 3055483859.478261] 

[730, 118641.0549450549, 62812.0326086957, 7547205542.956522] 

[740, 141786.3296703297, 46684.3097826087, 4635438213.565217] 

[750, 142456.8901098901, 53948.3315217391, 6798667597.913043] 

[760, 139444.1648351648, 51136.9836956522, 4978782386.086957] 

[770, 130278.5934065934, 41891.8913043478, 4136755912.347826] 

[780, 120673.1978021978, 38968.375, 1900863488.0] 

[790, 134450.5824175824, 42973.9429347826, 4496511866.434783] 

[800, 124626.9450549451, 54619.4945652174, 7725001149.217391] 

[810, 119221.2747252747, 33956.4755434783, 2847585858.7826085] 

[820, 120241.4835164835, 41328.097826087, 3667300886.2608695] 

[830, 125254.6373626374, 60228.4782608696, 7653687296.0] 

[840, 137596.6263736264, 51511.7336956522, 7399895574.26087] 

[850, 130319.7802197802, 46868.2173913043, 4814241079.652174] 

[860, 110626.978021978, 40397.527173913, 3755588207.304348] 

[870, 133014.7692307692, 55998.8913043478, 12117186114.782608] 

[880, 121968.9230769231, 48317.277173913, 5962652271.304348] 

[890, 125075.3296703297, 49392.8260869565, 4413227364.173913] 

[900, 128651.021978022, 44812.7934782609, 3567908418.7826085] 

[910, 110152.1868131868, 41275.0135869565, 4744495104.0] 

[920, 120528.1538461538, 40887.2961956522, 3109375465.7391305] 

[930, 135086.7032967033, 46296.4619565217, 5163641277.217391] 

[940, 120255.2527472527, 54056.4945652174, 7159979675.826087] 

[950, 119831.6263736264, 47814.277173913, 4108155859.478261] 

[960, 131278.989010989, 41971.5706521739, 3892965554.0869565] 

[970, 115000.7362637363, 38093.3614130435, 2311626573.9130435] 

[980, 120449.5384615385, 41621.4184782609, 3055097054.6086955] 

[990, 117253.5164835165, 41052.6630434783, 2964174580.869565] 

