Data type: quat, num_epochs: 1000, 	 lr: 0.0001 
52173913] 

[10, 3951.8458104396, 2126.3697350543, 229757.4565217391] 

[20, 3434.4752747253, 1497.5130774457, 230983.5] 

[30, 3437.0539148352, 1239.6117527174, 237054.2608695652] 

[40, 3280.2427884615, 1193.824048913, 225934.4782608696] 

[50, 3244.1943681319, 1179.3418817935, 229256.0869565217] 

[60, 3126.5467032967, 1093.1548063859, 229992.1086956522] 

[70, 3163.3406593407, 1142.7016813859, 237318.2173913044] 

[80, 3151.6720467033, 1498.273267663, 231978.2826086956] 

[90, 3033.5728021978, 967.5904381793, 231642.5869565217] 

[100, 3088.8365384615, 1241.2804008152, 230057.4347826087] 

[110, 3316.0666208791, 1100.021654212, 232284.0434782609] 

[120, 3236.3928571429, 1094.3853600543, 225527.0869565217] 

[130, 3146.8307005495, 1022.5479789402, 223998.4782608696] 

[140, 3062.4526098901, 1396.3072350543, 225818.0217391304] 

[150, 3164.4223901099, 1607.9860733696, 234069.5434782609] 

[160, 3152.4065934066, 1097.4663722826, 228244.2608695652] 

[170, 3210.2335164835, 1240.1746773098, 229527.0] 

[180, 3097.5161401099, 1487.6956521739, 226428.4130434783] 

[190, 3038.5683379121, 1475.8590353261, 235441.0217391304] 

[200, 3121.6102335165, 1285.4852241848, 231883.6521739131] 

[210, 3042.8482142857, 1297.8233695652, 229303.8695652174] 

[220, 3033.3135302198, 1682.4575407609, 224620.6086956522] 

[230, 3076.4254807692, 1679.6703464674, 226231.3695652174] 

[240, 3144.1037087912, 847.2652853261, 232586.3043478261] 

[250, 3172.564217033, 1088.3349184783, 227344.1086956522] 

[260, 3090.9323489011, 943.8975033967, 227223.0] 

[270, 3062.9543269231, 872.8853600543, 227333.8260869565] 

[280, 3128.8361950549, 1182.5531589674, 228416.9782608696] 

[290, 2991.5968406593, 1271.6324728261, 226639.8913043478] 

