[0, 0.2550666195, 2.5189206441, 0.1045535485] 

[0, 0.2499498868, 2.5568885803, 0.0982405265] 

[10, 0.1527198465, 2.5559427897, 0.0953181744] 

[20, 0.1471101448, 2.5638430278, 0.0827947537] 

[30, 0.145215759, 2.5602167765, 0.0756685177] 

[40, 0.143353246, 2.558887736, 0.0985307932] 

[50, 0.1401569841, 2.5552098592, 0.090173912] 

[60, 0.1399944309, 2.5644790649, 0.0823643764] 

[70, 0.1403053626, 2.5616958618, 0.0933128436] 

[80, 0.1383476616, 2.5550211589, 0.0899817308] 

[90, 0.1376463473, 2.5609697978, 0.0687305133] 

[0, 1.1857727752, 0.4505528132, 0.5851240794] 

[10, 0.9815632373, 0.4342464447, 0.5595898946] 

[20, 0.9554062607, 0.4111177444, 0.5523913066] 

[30, 0.9459616921, 0.4622976303, 0.614471817] 

[40, 0.9344901441, 0.4470382055, 0.5770589193] 

[50, 0.9329406037, 0.4537843704, 0.5766354879] 

[60, 0.9308950012, 0.4305410703, 0.5977279027] 

[70, 0.9236535657, 0.4620814959, 0.6219872793] 

[80, 0.9226859959, 0.4621106784, 0.6154965719] 

[90, 0.9195738407, 0.4409282049, 0.5830394109] 

[0, 1.1714923344, 0.3649085999, 0.6224486669] 

[10, 0.9636053805, 0.3226394971, 0.5818412145] 

[20, 0.9407045051, 0.323450915, 0.5998893102] 

[30, 0.9232377996, 0.3257065455, 0.5963342031] 

[40, 0.9227604243, 0.3632034302, 0.6433802287] 

[50, 0.9152589039, 0.3537154833, 0.6493111293] 

[60, 0.9075193017, 0.3265493393, 0.6095796585] 

[70, 0.905030126, 0.3119925499, 0.5845363617] 

[80, 0.8995045629, 0.3438370387, 0.6284863154] 

[90, 0.8951747659, 0.3488293966, 0.6230986277] 

[0, 1.1651668728, 0.4084502856, 0.706490008] 

[10, 0.9642436029, 0.3109490712, 0.5826628367] 

[20, 0.9365830695, 0.3296910286, 0.60813694] 

[30, 0.9254469916, 0.316834259, 0.5956295013] 

[40, 0.9165762938, 0.3164095561, 0.5922149022] 

[50, 0.91251685, 0.2865161578, 0.5500122706] 

[60, 0.9034006723, 0.3311113993, 0.6125708262] 

[70, 0.8915367645, 0.3069602648, 0.5877251943] 

[80, 0.8956002262, 0.2972114563, 0.5610681534] 

[90, 0.892776856, 0.3400227547, 0.6365615845] 

[0, 1.1553765021, 0.4161448161, 0.6339108785] 

[0, 1.1555501047, 0.4659910838, 0.641382726] 

[10, 0.962788836, 0.410641861, 0.548349762] 

[20, 0.9348064809, 0.4346646309, 0.5778819402] 

[30, 0.9253133138, 0.4541814168, 0.6164282481] 

[0, 1.1544015978, 0.3576676687, 0.6002455393] 

