[0, 1.1495552661, 0.3520866712, 0.5860574722] 

[10, 0.9375480883, 0.337772274, 0.5897711436] 

[20, 0.9112977414, 0.3411768595, 0.5887554169] 

[30, 0.9014346642, 0.3309838295, 0.5644390106] 

[40, 0.9015423208, 0.309540081, 0.5559961319] 

[50, 0.8921732648, 0.340051206, 0.5860472361] 

[60, 0.8890322822, 0.3287166913, 0.5743987401] 

[70, 0.8854000845, 0.3119813283, 0.552956899] 

[80, 0.8853864999, 0.3424742063, 0.6175589879] 

[90, 0.8827144738, 0.3237727483, 0.573776563] 

[0, 1.1587016107, 0.4678183873, 0.6337938944] 

[10, 0.93603235, 0.4155967395, 0.5440280914] 

[20, 0.9099520979, 0.4355291367, 0.5699799856] 

[30, 0.8960154821, 0.4273716927, 0.5606941223] 

[40, 0.8874377148, 0.453534476, 0.5963145574] 

[50, 0.8853535268, 0.4604509036, 0.607878685] 

[60, 0.8846344983, 0.4338036219, 0.5824399312] 

[70, 0.8804983938, 0.442020607, 0.5684051514] 

[80, 0.8756211938, 0.4582321803, 0.6123924891] 

[90, 0.874233776, 0.434825929, 0.5633355459] 

