[0, 12.9489258833, 2.0896556854, 11.0799601237] 

[10, 10.2171795406, 2.0788294474, 9.5470876058] 

[20, 10.1195855375, 2.1034657796, 9.295795695] 

[30, 10.0879855261, 2.088195165, 9.2213134766] 

[40, 10.0788617588, 2.0873105367, 9.2192850749] 

[50, 10.0552303749, 2.1078936259, 8.906552124] 

[60, 10.0210159924, 2.0776461283, 9.5403523763] 

[70, 10.0410901172, 2.0958260854, 8.6045033773] 

[80, 10.0297887278, 2.0844711304, 9.4347015381] 

[90, 10.0149147727, 2.1001472473, 9.796182251] 

[100, 10.0259559496, 2.0939102173, 9.4295216878] 

[110, 10.0038337987, 2.0748245239, 8.4313654582] 

[120, 10.0235803618, 2.0772701263, 9.1770284017] 

[130, 10.0293866739, 2.0865314484, 9.0558583577] 

[140, 9.9985407687, 2.0970429738, 9.3991882324] 

[150, 9.9822861563, 2.081231308, 9.418737793] 

[160, 9.9638671875, 2.0849074046, 8.8190063477] 

[170, 9.9269955754, 2.0871088664, 8.6182942708] 

[180, 9.840123351, 2.0571196238, 9.1049672445] 

[190, 9.8505910397, 2.0606572469, 8.8948506673] 

[200, 9.8362375098, 2.0618122101, 8.9515055339] 

[210, 9.8357232073, 2.0673156738, 8.6051066081] 

[220, 9.8286821611, 2.0442214966, 8.8255208333] 

[230, 9.8088498808, 2.0467886607, 9.334552002] 

[240, 9.8275188578, 2.0475533803, 8.8787963867] 

