[0, 3.1396015712, 1.1209979284, 1.4590796516] 

[10, 1.3245209285, 0.5269009272, 0.527370907] 

[20, 1.2814463661, 0.5317623048, 0.5055826278] 

[29, 1.255703699, 0.4870754424, 0.5184818904] 

[0, 4.4103469849, 11.9632949829, 23.6284128825] 

[10, 0.5716780557, 0.74330314, 0.7796026071] 

[20, 0.5832165612, 1.0455502669, 1.5030212402] 

[0, 2.1278468541, 1.1103365762, 1.5820483253] 

[10, 0.9606263297, 0.7318693797, 0.4038525082] 

[20, 0.9392494928, 0.7161041896, 0.4103251866] 

[29, 0.9046871549, 0.7520142964, 0.4712820053] 

[0, 4.5890515645, 6.90031751, 10.339138031] 

[10, 1.3503981696, 0.9878424009, 1.5157014529] 

[20, 1.1295033561, 0.8270336787, 1.302236557] 

[29, 1.0573210186, 0.7902580102, 1.0668303172] 

[0, 3.0978755951, 2.1765621185, 2.8935062408] 

[10, 1.0407157898, 0.7080151558, 0.9590543747] 

[20, 0.9273091316, 0.6405911446, 0.8443325996] 

[29, 0.9099390984, 0.6505600929, 0.6344988823] 

