[0, 14.8873676973, 4.4685543285, 9.3910280115] 

[10, 7.0623869054, 4.0905317419, 8.459629732] 

[20, 6.2914002362, 3.2642566457, 6.4773164637] 

[30, 5.6260927986, 4.0156806497, 8.2419774673] 

[40, 5.630355835, 4.4516821469, 9.3377820183] 

[50, 5.0209251853, 4.5145272648, 9.5417615105] 

[60, 4.9580930822, 3.2559785282, 6.603885875] 

[0, 149.3877383961, 37.834659352, 79.6429299747] 

[0, 140.0310776654, 39.135002585, 85.5014073989] 

[10, 28.4270252901, 38.3147331687, 31.0626723346] 

[20, 22.3176628562, 38.6169254079, 40.0954051298] 

[30, 21.5216656853, 38.517459645, 26.7260616527] 

[40, 19.8208636116, 38.2652803309, 33.3371797449] 

[50, 19.1458111931, 38.2435589959, 28.6405172909] 

[60, 18.781214097, 38.0146233054, 25.1223503562] 

[70, 18.9924100988, 37.2620203355, 26.8339520623] 

[80, 18.6765675264, 37.274478688, 29.8296796013] 

[90, 17.342873966, 37.2861830767, 30.9215016085] 

[100, 17.0614013672, 37.053326775, 33.2506283031] 

[110, 16.9124755859, 36.9284416648, 30.8140833238] 

[120, 17.3671964758, 36.8755708582, 25.7836788402] 

[130, 17.49200978, 36.983617446, 28.5957336426] 

[140, 16.525071088, 36.8282327091, 27.4641113281] 

[150, 15.2268784467, 36.4656192555, 24.8758114085] 

[160, 18.1711425781, 36.399195054, 27.0431446749] 

[0, 7.9084203384, 4.9030218685, 476.9147231158] 

[10, 3.2381643407, 2.8438662361, 95.876278148] 

[20, 2.9546553668, 1.4517937829, 87.6580954159] 

[30, 2.6809640772, 2.7174278708, 91.9813519646] 

[40, 2.6596446318, 2.0282056472, 131.9467198989] 

[50, 2.387468899, 1.9201992259, 118.2470128676] 

[60, 2.1915150811, 1.8315149195, 94.664902631] 

[70, 2.1936896829, 1.8612493627, 93.6436049517] 

[80, 2.1188071756, 2.5833672916, 85.3322251264] 

[0, 164.2851131664, 36.267815085, 78.3392836627] 

[10, 28.2982985553, 34.3031041762, 33.1551549575] 

[20, 23.4102837058, 34.6053897633, 34.3161262063] 

[30, 21.4946540384, 34.9190386604, 32.5740320542] 

[40, 20.2121707692, 35.0679069968, 28.4245192584] 

[50, 20.164915197, 34.4772985122, 27.9818581974] 

[60, 20.3532499426, 34.809196921, 25.1534998277] 

[70, 19.0016730813, 34.6141644646, 21.2020927878] 

[80, 18.9749181411, 34.4308328068, 29.4830052993] 

[90, 20.2573924345, 34.0429400276, 24.7010659611] 

[100, 19.6950539982, 34.0458697151, 36.9667214786] 

[110, 18.3294121237, 33.7623470531, 29.6760594985] 

[120, 18.1429138184, 33.3873291016, 26.6797485352] 

[130, 18.1976641487, 33.2956291648, 25.8237394445] 

[140, 17.7069612391, 33.2274780273, 28.0859051873] 

[150, 18.5248628504, 33.1353149414, 24.8468358657] 

[160, 18.2414766199, 32.8021958295, 29.2289267147] 

[170, 18.4477898093, 32.8047485352, 30.6640194164] 

[180, 16.6155485265, 32.8302073759, 24.5493918026] 

[190, 17.2120002298, 32.9797830021, 27.181640625] 

[200, 18.2009797938, 32.5475643382, 24.3639113482] 

[210, 18.7586813534, 32.5600657744, 25.4032610725] 

[220, 16.4475366929, 32.450934915, 21.9870372099] 

[230, 16.8419189453, 32.1807933134, 28.9191302131] 

[240, 18.0835355871, 32.2682495117, 22.3136812098] 

[250, 16.419259464, 32.5271103803, 24.8247052361] 

[260, 19.3802113253, 32.1990392348, 29.7275462431] 

[270, 16.6192734662, 32.1064094095, 30.0291963465] 

[280, 16.5581700942, 32.0471514534, 29.3304192038] 

[290, 16.3870939367, 31.8589549345, 24.6374421961] 

[300, 15.8300853056, 32.1726899989, 23.0555419922] 

[310, 17.212014591, 32.0533626781, 35.2496661018] 

[320, 16.9224691952, 32.2180642521, 23.5957408232] 

[330, 15.8538692699, 32.0980834961, 23.1474914551] 

[340, 16.7422628964, 31.8586820715, 23.9873890596] 

[350, 17.1777900247, 31.7791389017, 24.2588447122] 

[360, 18.0871007583, 32.4616627413, 28.9061027976] 

[370, 17.6178193934, 32.417412253, 24.614631204] 

[380, 17.4841452206, 32.6048548081, 23.979687859] 

[390, 16.6783752441, 32.4482134651, 31.4818617877] 

[0, 172.6938620175, 38.0000035903, 83.811221852] 

