[0, 0.004931136, 2.2908149719, 4.7952524821] 

[0, 0.0095313998, 2.2635312398, 4.7380940755] 

[0, 0.0144206797, 2.2318026225, 4.6702519735] 

[0, 0.0187513597, 2.1966036479, 4.5929814657] 

[0, 0.0232650454, 2.1604886373, 4.511899821] 

[0, 0.0278581143, 2.1216314952, 4.4237508138] 

[0, 0.031761582, 2.074220403, 4.3171391805] 

[0, 0.0357835664, 2.0241556803, 4.2030815125] 

[0, 0.0397166987, 1.9710197449, 4.0817980448] 

[0, 0.0434643418, 1.9131206512, 3.9489672343] 

[0, 0.0474577638, 1.8554186503, 3.8169214884] 

[0, 0.05097798, 1.7934660594, 3.6760920207] 

[0, 0.0542966789, 1.7296236674, 3.5298866272] 

[0, 0.0577899291, 1.6665033976, 3.3836893717] 

[0, 0.0616907182, 1.6038466136, 3.2393992106] 

[0, 0.0654111442, 1.5491260529, 3.1119987488] 

[0, 0.068930894, 1.4962018331, 2.9897051493] 

[0, 0.0720069431, 1.4439591726, 2.8696680705] 

[0, 0.0752857412, 1.3977551778, 2.7621599833] 

[0, 0.0781531179, 1.3533687592, 2.6640436808] 

[0, 0.0815124352, 1.326898702, 2.607367452] 

[0, 0.0845873762, 1.296844101, 2.5397697449] 

[0, 0.0877742628, 1.2690989176, 2.4803909302] 

[0, 0.0906202262, 1.2444559733, 2.425894928] 

[0, 0.0935660654, 1.2158570608, 2.3635597229] 

[0, 0.0965078786, 1.1960830688, 2.325549825] 

[0, 0.0996594882, 1.1775864919, 2.2912846883] 

[0, 0.1028323198, 1.1680639903, 2.2716883341] 

[0, 0.1060470055, 1.157033666, 2.2455830892] 

[0, 0.1085563189, 1.1379193624, 2.2033022563] 

[0, 0.1109873454, 1.1233500163, 2.1709594727] 

[0, 0.1141023785, 1.1105157216, 2.1482714335] 

[0, 0.1168060781, 1.0983968099, 2.1255666097] 

[0, 0.1196709995, 1.0898283641, 2.1123382568] 

[0, 0.1218514836, 1.0786417643, 2.0911767324] 

[0, 0.124337008, 1.0672059377, 2.0680250804] 

[0, 0.127160179, 1.0669026693, 2.0674288432] 

[0, 0.1300038066, 1.0655633291, 2.065780894] 

[0, 0.1324536952, 1.0612073898, 2.0548844655] 

[0, 0.1349745444, 1.0573659897, 2.0449289958] 

[0, 0.1374591919, 1.0460121155, 2.0204725901] 

[0, 0.1397962421, 1.0386487961, 1.9999104818] 

[0, 0.1421723082, 1.0310801824, 1.9801860809] 

[0, 0.1445568886, 1.0200525284, 1.9558081309] 

[0, 0.14693946, 1.014915212, 1.9425690969] 

[0, 0.1493774063, 1.0038105647, 1.9181401571] 

[0, 0.1519054385, 0.988518397, 1.8864261627] 

[0, 0.1538901653, 0.9721080144, 1.8537156423] 

[0, 0.1563313324, 0.9658760071, 1.8416782379] 

[0, 0.1587291785, 0.9581639608, 1.8243320465] 

[0, 0.1607859581, 0.9452287674, 1.7986467997] 

[0, 0.1630051951, 0.9353658676, 1.7787759145] 

[0, 0.1651114182, 0.9253936768, 1.7589274089] 

[0, 0.1670532545, 0.9116503398, 1.728883489] 

[0, 0.1695691052, 0.9057271322, 1.7147397359] 

[0, 0.1719026954, 0.9012706121, 1.7026176453] 

[0, 0.1739731074, 0.8977182388, 1.6921852112] 

[0, 0.1759470399, 0.8853478114, 1.6652411143] 

[0, 0.1779116448, 0.8739302953, 1.6420668284] 

[0, 0.1803501492, 0.8653137843, 1.6265799205] 

[0, 0.1824721094, 0.8540541331, 1.607964325] 

[0, 0.184660223, 0.8437473933, 1.591718928] 

[0, 0.1865480716, 0.8292699814, 1.5618188222] 

[0, 0.1885054537, 0.8192690531, 1.5422239939] 

[0, 0.1906153122, 0.8082740784, 1.5205638885] 

[0, 0.1924059797, 0.7930855433, 1.4873154958] 

[0, 0.1939000336, 0.7749124527, 1.4454667409] 

[0, 0.1961184893, 0.7733561198, 1.4375802358] 

[0, 0.1981943543, 0.7640447617, 1.4198946635] 

[0, 0.2001873244, 0.757701238, 1.4078655243] 

[0, 0.2020525638, 0.7502398173, 1.3914376577] 

[0, 0.2038485727, 0.7452936172, 1.3764579773] 

[0, 0.2057570215, 0.7435103099, 1.3705062866] 

[0, 0.2078782802, 0.7417513529, 1.358648173] 

[0, 0.209621258, 0.7304255168, 1.3314720154] 

[0, 0.211504993, 0.7285044352, 1.3232859294] 

[0, 0.2137271319, 0.7250378291, 1.31440684] 

[0, 0.2157021326, 0.7182746251, 1.2985922496] 

[0, 0.2174827392, 0.7064218521, 1.274157842] 

[0, 0.21912911, 0.6998357773, 1.2580937703] 

[0, 0.2207835804, 0.6940332413, 1.2417691549] 

[0, 0.2227976449, 0.6991334915, 1.2429128011] 

[0, 0.2245877066, 0.6900455475, 1.2246377309] 

[0, 0.2262085184, 0.6805847168, 1.207138443] 

[0, 0.2279829705, 0.6802443822, 1.2031679789] 

[0, 0.2295353171, 0.6566346486, 1.1575440725] 

[0, 0.2311383669, 0.6418797175, 1.1250273387] 

[0, 0.2325451571, 0.6225119909, 1.0839536031] 

[0, 0.2342311496, 0.6143673579, 1.0648038228] 

[0, 0.2356211504, 0.5987934748, 1.027042071] 

[0, 0.2369324815, 0.5909046173, 1.0024757385] 

[0, 0.2385993726, 0.588378334, 0.9974943161] 

[0, 0.2403922564, 0.587136968, 0.9906953176] 

[0, 0.2419759497, 0.5757020315, 0.9717976252] 

[0, 0.243477354, 0.5679204941, 0.9523338954] 

[0, 0.2449167983, 0.5604965846, 0.9347002665] 

[0, 0.2465303555, 0.5555078506, 0.9231562297] 

[0, 0.2479726538, 0.5494551977, 0.9068695068] 

[0, 0.2496951591, 0.5532938004, 0.9127496084] 

[0, 0.251581477, 0.5544626872, 0.9091185252] 

[0, 0.2529766119, 0.5483118057, 0.9002696991] 

[0, 0.2542662107, 0.5323959668, 0.8709953944] 

[0, 0.2557095136, 0.5287327131, 0.8641335805] 

[0, 0.2571539007, 0.5158450762, 0.8419520696] 

[0, 0.2587508757, 0.515197595, 0.8423894246] 

[0, 0.2600812444, 0.5073829015, 0.8275828044] 

[0, 0.2615900787, 0.5052996, 0.8194395701] 

[0, 0.2629585864, 0.497296079, 0.8026940664] 

[0, 0.2643122818, 0.4969643593, 0.8033370972] 

[0, 0.2657316202, 0.4843695005, 0.786931483] 

[0, 0.2672751655, 0.4782505671, 0.7814927419] 

[0, 0.2687013441, 0.4842676481, 0.7925373713] 

[0, 0.2699216326, 0.4832289378, 0.7892317454] 

[0, 0.2714398264, 0.4793316841, 0.7869697571] 

[0, 0.272752433, 0.4767394384, 0.7850083033] 

[0, 0.2739845523, 0.4734887759, 0.7739812215] 

[0, 0.2755745277, 0.4759457906, 0.7797513326] 

[0, 0.276831584, 0.4727133115, 0.7748865128] 

[0, 0.2780644687, 0.4584190369, 0.7491880417] 

[0, 0.2793290827, 0.4480903943, 0.7336010615] 

[0, 0.2807898766, 0.4450167338, 0.7295172373] 

[0, 0.2821849157, 0.4456786791, 0.7315327962] 

[0, 0.2835537104, 0.4478185336, 0.7311892192] 

[0, 0.2848593334, 0.4455168088, 0.7241877874] 

[0, 0.2861190684, 0.4433002472, 0.7195255915] 

[0, 0.2874095442, 0.4409082413, 0.7149803797] 

[0, 0.288710926, 0.4369614601, 0.7068246841] 

[0, 0.2900469071, 0.4359869321, 0.7001722336] 

[0, 0.29141567, 0.4358270645, 0.698420016] 

[0, 0.2926936135, 0.4299758593, 0.6881321589] 

[0, 0.2939937197, 0.4297833125, 0.6898330688] 

[0, 0.2954386967, 0.4367537181, 0.7012139638] 

[0, 0.2967341791, 0.4387492498, 0.7075801849] 

[0, 0.298213596, 0.4471283913, 0.7228939056] 

[0, 0.2996451797, 0.4562436422, 0.7376955032] 

[0, 0.3010287708, 0.4605265299, 0.7405308406] 

[0, 0.3024974094, 0.4655925751, 0.7385731379] 

[0, 0.3037933381, 0.4626490275, 0.7269650777] 

[0, 0.3049680257, 0.4579538345, 0.7121647517] 

[0, 0.3063374263, 0.4579156876, 0.7084162394] 

[0, 0.3076631393, 0.4524236679, 0.6991633097] 

[0, 0.3090851245, 0.4653894424, 0.7188421249] 

[0, 0.3103936174, 0.4786391576, 0.7343924205] 

[0, 0.311681, 0.47585392, 0.7272915522] 

[0, 0.3129088144, 0.4706700643, 0.7156232198] 

[0, 0.3141858969, 0.4622867584, 0.7021276474] 

[0, 0.3155050407, 0.4612133344, 0.6995299657] 

[0, 0.3168064863, 0.4561697324, 0.69696153] 

[0, 0.3180625222, 0.450196743, 0.6924828847] 

[0, 0.3193591844, 0.4437856992, 0.689437294] 

[0, 0.3208184795, 0.4437199593, 0.6943998337] 

[0, 0.3222746814, 0.4500875155, 0.7128050486] 

[0, 0.3235922308, 0.4428902944, 0.7020791372] 

[0, 0.3248784335, 0.4369638125, 0.6890977224] 

[0, 0.3265757785, 0.4460947673, 0.7118902206] 

[0, 0.327883538, 0.4475332578, 0.7163125356] 

[0, 0.3294310057, 0.445433267, 0.717322731] 

[0, 0.3307743531, 0.4484592756, 0.7230367025] 

[0, 0.3322398984, 0.4546320597, 0.7350278219] 

[0, 0.3336315892, 0.4587914149, 0.7473377228] 

[0, 0.3350842196, 0.4496825854, 0.7327659607] 

[0, 0.3363261288, 0.4477202733, 0.7324640274] 

[0, 0.3376049333, 0.4483538946, 0.7309790293] 

[0, 0.3389525219, 0.4544082959, 0.7415072759] 

[0, 0.3402287753, 0.4499348323, 0.7370924632] 

[0, 0.3414379347, 0.4500281652, 0.7387865702] 

[0, 0.3427058651, 0.4460462888, 0.7349084218] 

[0, 0.3440844816, 0.4399939219, 0.7240123113] 

[0, 0.3453619468, 0.4387032509, 0.7248910904] 

[0, 0.3467739189, 0.4334349632, 0.7162546158] 

[0, 0.3480139785, 0.4221916835, 0.6973079681] 

[0, 0.3494222834, 0.4143359502, 0.6806805293] 

[0, 0.3506977396, 0.4090166728, 0.6727481842] 

[0, 0.352255029, 0.4172897657, 0.6923035304] 

[0, 0.3536029046, 0.4148556074, 0.6921716054] 

[0, 0.3552120771, 0.4210936864, 0.7067487717] 

[0, 0.3565287017, 0.4163649559, 0.7008487066] 

[0, 0.3576580434, 0.4111918132, 0.6907370885] 

[0, 0.3591228234, 0.4107621511, 0.688715299] 

[0, 0.3603966851, 0.4042440732, 0.6737803777] 

[0, 0.3619622337, 0.4133650144, 0.6894150416] 

[0, 0.363115779, 0.408201472, 0.6811276754] 

[0, 0.364397326, 0.4076550484, 0.6803650538] 

[0, 0.3655756808, 0.4101107279, 0.6825358709] 

[0, 0.3667758156, 0.4067009926, 0.6754278183] 

[0, 0.3679888655, 0.4017080943, 0.6652764638] 

[0, 0.3692179553, 0.3986538251, 0.6585168839] 

[0, 0.3705409577, 0.4059593836, 0.6716159821] 

[0, 0.3718015537, 0.4153631528, 0.6898863475] 

[0, 0.3731236951, 0.423069032, 0.704491806] 

[0, 0.3742332658, 0.4272658666, 0.7124055862] 

[0, 0.3755471799, 0.4314064026, 0.7210587819] 

[0, 0.3769460457, 0.4361453692, 0.7315153758] 

[0, 0.3782612034, 0.4262280464, 0.7145431519] 

[0, 0.3796456874, 0.4085245132, 0.6799732208] 

[0, 0.3809471011, 0.3963708242, 0.6606542587] 

[0, 0.382237832, 0.397481823, 0.6570095062] 

[0, 0.3835303806, 0.3985214869, 0.6618520737] 

[0, 0.3847588965, 0.4058369001, 0.6664164225] 

[0, 0.3861140428, 0.4141226768, 0.680424118] 

[0, 0.3874006919, 0.4219907443, 0.6901211421] 

[0, 0.3888216567, 0.4297815323, 0.7000881195] 

[0, 0.3901180319, 0.4282339414, 0.6991928736] 

[0, 0.391340457, 0.4177197774, 0.6876932144] 

[0, 0.392498403, 0.4173036257, 0.6870190938] 

[0, 0.3938300473, 0.4262202899, 0.7058950424] 

[0, 0.3952063996, 0.4286066691, 0.7117165248] 

[0, 0.3964600438, 0.4275593122, 0.7089271545] 

[0, 0.3977963439, 0.4096750895, 0.6780124029] 

[0, 0.3991075155, 0.407074515, 0.6713936488] 

[0, 0.4004120862, 0.4054415067, 0.6707474391] 

[0, 0.4016658899, 0.4005511284, 0.6613708496] 

[0, 0.4030869822, 0.4012336413, 0.6614869436] 

[0, 0.404427364, 0.403092893, 0.6611122767] 

[0, 0.4056677744, 0.3959814072, 0.6493968328] 

[0, 0.4068970237, 0.3939608574, 0.6449495316] 

[0, 0.4081320768, 0.3976317406, 0.6528148651] 

[0, 0.4093100489, 0.4020953178, 0.6618140539] 

[0, 0.4104024315, 0.4068291982, 0.6719060898] 

[0, 0.4115036792, 0.4158511162, 0.6890434901] 

[0, 0.4127409007, 0.426078097, 0.7067115148] 

[0, 0.4139799399, 0.4257203738, 0.7069711685] 

[0, 0.4152050118, 0.4257031441, 0.7066078822] 

[0, 0.4166046111, 0.4266883532, 0.7051438014] 

[0, 0.4178601368, 0.4200792313, 0.6917263667] 

[0, 0.4190190075, 0.4194595655, 0.6912772497] 

[0, 0.4204591693, 0.4225860278, 0.6905548096] 

[0, 0.4217027048, 0.4202563604, 0.6874051412] 

[0, 0.4228493941, 0.4122738838, 0.6780871073] 

[0, 0.424069587, 0.4138133049, 0.6840455373] 

[0, 0.425214044, 0.4055235545, 0.6734722773] 

[0, 0.4265046155, 0.403322506, 0.6710255941] 

[0, 0.427722895, 0.4001816114, 0.6657015483] 

[0, 0.4290230332, 0.3982727051, 0.6602891922] 

[0, 0.4302321288, 0.4000844638, 0.6652130763] 

[0, 0.4314949251, 0.399652799, 0.6610748291] 

[0, 0.43275584, 0.4027692159, 0.6647054672] 

[0, 0.4340829879, 0.4052414258, 0.6654350917] 

[0, 0.4353942233, 0.3969396909, 0.6558843613] 

[0, 0.4367589044, 0.3880822817, 0.6477656047] 

[0, 0.4378951341, 0.3812448502, 0.639985466] 

[0, 0.4391823572, 0.3779441198, 0.6390217463] 

[0, 0.4405540857, 0.3823255539, 0.6457874298] 

[0, 0.4419345517, 0.387010479, 0.6521620433] 

[0, 0.4431582205, 0.390630881, 0.6578725815] 

[0, 0.444519904, 0.3930885633, 0.6621993383] 

[0, 0.4456155073, 0.3878931681, 0.6508333206] 

[0, 0.4468168221, 0.3837538401, 0.6456851959] 

[0, 0.4480463584, 0.3793664296, 0.6382520676] 

[0, 0.4493673518, 0.3828378042, 0.6472117106] 

[0, 0.4505752675, 0.3782251994, 0.6424761454] 

[0, 0.4517405798, 0.3818032265, 0.6470949809] 

[0, 0.4529117915, 0.3932315509, 0.6587159475] 

[0, 0.454120058, 0.4084394455, 0.6757651647] 

[0, 0.4554511283, 0.4252585093, 0.6962704976] 

[0, 0.4566769655, 0.4170657794, 0.6884888967] 

[0, 0.4578614748, 0.4173662821, 0.688837115] 

[0, 0.459097644, 0.423837471, 0.69991436] 

[0, 0.4604834673, 0.4115700086, 0.6845645905] 

[0, 0.4616418916, 0.4085917473, 0.6794412613] 

[0, 0.4629000003, 0.399058946, 0.6622416178] 

[0, 0.4641741491, 0.3933244705, 0.6549823125] 

[0, 0.4653677786, 0.3923930486, 0.6523873647] 

[0, 0.4665684874, 0.3924053828, 0.6545482635] 

[0, 0.4676685552, 0.3860424678, 0.6487798691] 

[0, 0.4688111946, 0.3832198461, 0.6431105932] 

[0, 0.4700939852, 0.3860367139, 0.6488454183] 

[0, 0.4712757202, 0.3836061478, 0.6459997813] 

[0, 1.2620836854, 0.4811523755, 0.6633057912] 

[1, 1.0519222311, 0.4483157794, 0.5996999741] 

[2, 1.0200633465, 0.4970341682, 0.6923520406] 

[3, 1.0086639309, 0.4616435687, 0.6182022095] 

[4, 0.9993636272, 0.4901796977, 0.685026741] 

[5, 0.9953909847, 0.4866113027, 0.6634911855] 

[0, 1.261043728, 0.4806410472, 0.6470611572] 

[1, 1.0554465809, 0.4725241343, 0.6318796158] 

[2, 1.0271445088, 0.4824057897, 0.6321208318] 

[3, 1.0133046436, 0.4595266978, 0.6007769903] 

[4, 1.0057776121, 0.446343708, 0.5866252899] 

[5, 0.9888111142, 0.4732635816, 0.6325926463] 

[6, 0.9829040336, 0.4583816846, 0.6060675303] 

[7, 0.9826026845, 0.481017367, 0.6359799703] 

[8, 0.971629367, 0.4807102521, 0.6394760132] 

[9, 0.9653307557, 0.4700198491, 0.6167161942] 

[10, 0.958219873, 0.4838015874, 0.6559593836] 

[11, 0.9531469395, 0.5044367154, 0.6734794617] 

[12, 0.9527019632, 0.5066422462, 0.6800116857] 

[13, 0.9428058493, 0.5373249054, 0.7457567215] 

[14, 0.9356748766, 0.536280632, 0.7473779043] 

[15, 0.9302566512, 0.5392802556, 0.7170555751] 

[16, 0.9309028458, 0.5142997106, 0.7049447378] 

[17, 0.9215127433, 0.5096524556, 0.6849952698] 

[18, 0.9247268151, 0.5058087985, 0.6907540639] 

[19, 0.9195917622, 0.5184637705, 0.7145582199] 

[20, 0.9182042806, 0.515885067, 0.6941174825] 

[21, 0.9144927436, 0.4929159164, 0.6696833928] 

[22, 0.9114955157, 0.51576732, 0.6917245865] 

[23, 0.90518383, 0.5133802096, 0.6935850779] 

[24, 0.9065933786, 0.5036330541, 0.6974280675] 

[25, 0.9044718169, 0.5167118073, 0.7094816844] 

[26, 0.8979225597, 0.4899011294, 0.6626688004] 

[27, 0.9005777485, 0.5002209981, 0.6813440323] 

[28, 0.8969988051, 0.5127731959, 0.7134369532] 

[29, 0.8940638878, 0.5002924601, 0.6795899073] 

[30, 0.8938279107, 0.5188221614, 0.7325839996] 

[31, 0.8888542789, 0.5037425041, 0.6892857234] 

[32, 0.8938878616, 0.4854815801, 0.6624634425] 

[33, 0.8857988858, 0.5000098546, 0.6900278727] 

[34, 0.8888526207, 0.5060101509, 0.7156431834] 

[35, 0.8854586961, 0.5022947629, 0.6947778702] 

[36, 0.8857114467, 0.5318810463, 0.74981486] 

[37, 0.8855897591, 0.5026241302, 0.6815444946] 

[38, 0.8831389137, 0.5163237572, 0.7039892197] 

[39, 0.8838946782, 0.5142476082, 0.7106044769] 

[40, 0.8823142057, 0.5178191185, 0.7253758748] 

[41, 0.8854362464, 0.5237132072, 0.7159691493] 

[42, 0.8787256319, 0.5049911499, 0.7131187439] 

[43, 0.8791300456, 0.5062475522, 0.6984584808] 

[44, 0.8755472755, 0.5187410037, 0.7225990295] 

[45, 0.8762160474, 0.5109009425, 0.716258812] 

[46, 0.8755030139, 0.517308712, 0.7253767014] 

[47, 0.8752223287, 0.5212924321, 0.7334698359] 

[48, 0.873609776, 0.5364780426, 0.7505088806] 

[49, 0.874209413, 0.5247948647, 0.7362353643] 

[0, 1.1370269416, 0.4384272943, 0.5751235627] 

[1, 1.0131947955, 0.453181491, 0.6091137351] 

[2, 0.9863823146, 0.4598741203, 0.6021315715] 

[3, 0.9697661994, 0.4852246132, 0.6521694458] 

[4, 0.9520792165, 0.4539181222, 0.5866811148] 

[5, 0.9358810126, 0.4580501449, 0.604537055] 

[6, 0.9253518497, 0.4590771714, 0.6266259459] 

[7, 0.9151997166, 0.4777604345, 0.6613145786] 

[8, 0.9102876072, 0.4699425294, 0.6288447365] 

[9, 0.9044581993, 0.4822431224, 0.658957885] 

[10, 0.8957851754, 0.4924950674, 0.6855271199] 

[0, 0.8703104894, 0.5438528031, 0.5267866368] 

[1, 0.6968978343, 0.5969538195, 0.4127241272] 

[2, 0.6556029795, 0.6553457135, 0.5270424487] 

[3, 0.6248086608, 0.734782204, 0.6866052323] 

[4, 0.6034696691, 0.7421064227, 0.7081102234] 

[5, 0.5866440238, 0.7510474513, 0.7270881868] 

[6, 0.573443053, 0.7498574571, 0.729276699] 

[7, 0.5554454848, 0.7892888467, 0.8058478376] 

[0, 0.9761561734, 0.4123927867, 0.5376490769] 

[1, 0.875781633, 0.4176227725, 0.5422758383] 

[2, 0.8504519953, 0.402627927, 0.5104641331] 

[3, 0.8309215112, 0.4703279693, 0.4708454288] 

[4, 0.8037387983, 0.4987427523, 0.4387085057] 

[5, 0.7702449066, 0.4999609203, 0.3234469853] 

[6, 0.7447370462, 0.5153744976, 0.3254106097] 

[7, 0.7252627145, 0.5206001784, 0.3103332998] 

[8, 0.7109683766, 0.5179270682, 0.2914848926] 

[9, 0.694913737, 0.5239051651, 0.2835270753] 

[10, 0.6825906671, 0.5261468678, 0.2943905917] 

[11, 0.6675539024, 0.527572584, 0.2777598031] 

[12, 0.6573437021, 0.5299578341, 0.2823844599] 

[13, 0.6476145067, 0.5094901058, 0.2430898732] 

[14, 0.6374665862, 0.5231605936, 0.2757030953] 

[15, 0.6317608284, 0.5260370428, 0.2650477729] 

[16, 0.6267377547, 0.5347141278, 0.2798317219] 

[17, 0.6215404316, 0.5277832892, 0.255678996] 

[18, 0.6175277171, 0.533885322, 0.285839882] 

[19, 0.6130951287, 0.5508865787, 0.3021573153] 

[20, 0.6134857537, 0.5585792565, 0.3206520439] 

[21, 0.6074890855, 0.5480789137, 0.288628342] 

[22, 0.6056383559, 0.5455924007, 0.2857190793] 

[23, 0.6033336206, 0.5358369164, 0.2794722315] 

[24, 0.6025879864, 0.5518696465, 0.2952409942] 

[25, 0.5987843233, 0.5349922778, 0.2645596113] 

[26, 0.5979588408, 0.5533769183, 0.3107816164] 

[27, 0.596622865, 0.5453122895, 0.2842066176] 

[28, 0.5956227979, 0.5413008065, 0.2804414755] 

[29, 0.593587096, 0.5328979492, 0.2592756696] 

[30, 0.5926339422, 0.554912603, 0.2979927183] 

[31, 0.5894606407, 0.5535602151, 0.2923135309] 

[32, 0.5893686332, 0.5389414342, 0.2783038818] 

[33, 0.587823606, 0.5405724026, 0.2823865167] 

[34, 0.5853677428, 0.5402086312, 0.2778664712] 

[35, 0.586394761, 0.5662834144, 0.3244580116] 

[36, 0.584585296, 0.5680833296, 0.3281387281] 

[37, 0.58431205, 0.5646270465, 0.3185573805] 

[38, 0.5832304592, 0.5408035804, 0.2857170464] 

[39, 0.5803767425, 0.549746044, 0.292792389] 

[40, 0.5803001015, 0.559096429, 0.3072652309] 

[41, 0.5810773303, 0.5326172162, 0.2631026122] 

[42, 0.5771497779, 0.5456022065, 0.2909778129] 

[43, 0.5780908682, 0.5534970275, 0.3037161513] 

[44, 0.5792507755, 0.5594296351, 0.3115742364] 

[45, 0.5788522997, 0.541288322, 0.2801455076] 

[46, 0.5759129902, 0.5488795935, 0.297408364] 

[47, 0.5747576306, 0.5630457767, 0.3346219915] 

[48, 0.5737967218, 0.5405328924, 0.2822594239] 

[49, 0.5750164197, 0.561227924, 0.3014314466] 

[0, 0.9863274548, 0.4352150083, 0.573976714] 

[1, 0.8734720627, 0.4110281056, 0.5539623009] 

[2, 0.8500921032, 0.4031652373, 0.5186933559] 

[3, 0.8295188036, 0.4310430449, 0.4666077904] 

[4, 0.7928889974, 0.5021799978, 0.3500064623] 

[5, 0.7540594363, 0.5216852266, 0.3083280127] 

[6, 0.7323739085, 0.5209626583, 0.2807854679] 

[7, 0.713003169, 0.5111531225, 0.263551431] 

[8, 0.69191277, 0.5211251955, 0.2573743479] 

[9, 0.6768965897, 0.5326253957, 0.2873331387] 

[10, 0.6621278531, 0.5414077615, 0.2893758074] 

[11, 0.6502348058, 0.5376650054, 0.2672255226] 

[12, 0.6404973288, 0.53488097, 0.2718787597] 

[13, 0.6322476256, 0.5309312396, 0.2555024676] 

[14, 0.6271826172, 0.5322185744, 0.2609224708] 

[15, 0.6224281939, 0.5440580075, 0.2839314571] 

[16, 0.6186833161, 0.5496642492, 0.2901431954] 

[17, 0.6125465782, 0.5478115261, 0.2889237359] 

[18, 0.6111943742, 0.5374473644, 0.2769679485] 

[19, 0.6084103573, 0.5585535701, 0.3237217631] 

[20, 0.6055346201, 0.5345989933, 0.2508140492] 

[21, 0.6001138366, 0.5425988081, 0.2737188309] 

[22, 0.5998132085, 0.5611233607, 0.3093606357] 

[23, 0.5999146944, 0.5512748886, 0.2844590812] 

[24, 0.5965037626, 0.5609876579, 0.3019380719] 

[25, 0.5964205155, 0.5375194011, 0.2585980885] 

[26, 0.5931496534, 0.5511179957, 0.2771649256] 

[27, 0.5915229588, 0.5477680457, 0.2840291325] 

[28, 0.58852563, 0.56273687, 0.3129075149] 

[29, 0.5904458199, 0.5535237662, 0.2859609478] 

[30, 0.5882453948, 0.5517791939, 0.2853430147] 

[31, 0.5855545822, 0.55573763, 0.2894887894] 

[32, 0.584867063, 0.5538067474, 0.2904986917] 

[33, 0.5828672641, 0.5453461554, 0.2683079878] 

[34, 0.583269761, 0.5356993959, 0.2663688062] 

[35, 0.5820042988, 0.5585410857, 0.2942391996] 

[36, 0.5802759746, 0.5563354014, 0.2992314545] 

[37, 0.5798844401, 0.5562580551, 0.2905652276] 

[38, 0.5770334042, 0.5527866088, 0.2852099906] 

[39, 0.5787706323, 0.5605649081, 0.3079668242] 

[40, 0.5771615541, 0.5437558452, 0.2768643896] 

[41, 0.5738039024, 0.5463616542, 0.2867052563] 

[42, 0.5742811734, 0.5617838892, 0.2991713999] 

[43, 0.5731765089, 0.5498513249, 0.2739936087] 

[44, 0.5738460286, 0.5463318541, 0.2699423524] 

[45, 0.573638174, 0.5474006868, 0.2673302295] 

[46, 0.5728852156, 0.5564334594, 0.2957991597] 

[47, 0.5735143325, 0.5418795403, 0.2634498572] 

[48, 0.5698865464, 0.5571442607, 0.2899620511] 

[49, 0.5718495328, 0.5513252569, 0.281905243] 

[0, 8.3540602022, 0.7526216896, 2.4624182244] 

[1, 6.0124341299, 0.7040600433, 2.2777807541] 

[2, 5.7552355239, 0.7961004849, 2.3987377011] 

[3, 5.6062063419, 0.7272194411, 2.259535069] 

[4, 5.5080208333, 0.7077881625, 2.3453663793] 

[5, 5.4357203585, 0.8423162478, 2.5265286724] 

[6, 5.3585581342, 0.6655960322, 2.2492185969] 

[7, 5.2746472886, 0.8620274463, 2.4903183701] 

[8, 5.2046066942, 0.7737254558, 2.3596805584] 

[9, 5.1028875613, 0.7031421243, 2.1906585215] 

[10, 5.0273923866, 0.8477960186, 2.4230384946] 

[11, 4.9553530944, 0.9856753932, 2.7398672074] 

[12, 4.8653117341, 0.8504722858, 2.4325069798] 

[13, 4.8160539216, 0.8013088501, 2.3829594436] 

[14, 4.7425210631, 0.797580731, 2.3077780984] 

[15, 4.7204672181, 0.9846598945, 2.7028020303] 

[16, 4.6938430607, 1.0077844697, 2.7342810556] 

[17, 4.6755660233, 1.0234402743, 2.7726662376] 

[18, 4.6507823989, 0.8772128592, 2.4403342124] 

[19, 4.6055537684, 0.8424486501, 2.4057944367] 

[20, 4.5932337623, 0.8839130461, 2.4619523291] 

[21, 4.5624559589, 1.0804413703, 2.8904809264] 

[22, 4.5550160846, 0.9583948787, 2.6149047086] 

[23, 4.5418960631, 1.0313097915, 2.8185912703] 

[24, 4.5294144455, 0.8862429054, 2.4454808728] 

[25, 4.4974739583, 0.8189711616, 2.3372039317] 

[26, 4.4822227328, 0.7554191183, 2.1960512359] 

[27, 4.4612147672, 0.6849063407, 2.103065419] 

[28, 4.4480334712, 0.7961096211, 2.2896850969] 

[29, 4.438916973, 0.9626303168, 2.6394649494] 

[30, 4.4245565257, 0.9078592043, 2.5338737464] 

[31, 4.417142693, 0.777454436, 2.2864129237] 

[32, 4.3987300858, 0.9747811918, 2.655680211] 

[33, 4.3871890319, 0.9304318802, 2.5486071356] 

[34, 4.3745147825, 0.8958362352, 2.4921222555] 

[35, 4.3612270221, 0.7854197152, 2.2598580387] 

[36, 4.3545220588, 0.8255196216, 2.3150376466] 

[37, 4.3600122549, 0.9060110254, 2.5713009251] 

[38, 4.3441429228, 0.9991286705, 2.688533771] 

[39, 4.3321472886, 0.8037480561, 2.2851306114] 

[40, 4.309541973, 0.7445087493, 2.1700739846] 

[41, 4.3193489583, 0.8011933808, 2.2873320864] 

[42, 4.2884957108, 0.9169852995, 2.5685193292] 

[43, 4.2857238051, 1.0745355014, 2.813173874] 

[44, 4.2804848346, 0.8076990779, 2.263785718] 

[45, 4.2673016238, 1.0143835373, 2.6792638892] 

[46, 4.2709585631, 0.9064455421, 2.484506637] 

[47, 4.26275697, 0.8556625701, 2.344433058] 

[48, 4.2633915441, 0.892447062, 2.4663150991] 

[49, 4.239129902, 0.8137770506, 2.2806153492] 

[0, 8.1485232843, 1.2475977213, 3.4589575884] 

[1, 5.4505652574, 0.9099873988, 2.6666357345] 

[2, 5.0211527267, 1.2158603967, 3.3588025323] 

[3, 4.683660386, 1.4739138804, 3.8169695337] 

[4, 4.3837794884, 1.5177577865, 3.8181837315] 

[5, 4.1049624694, 1.1343978834, 2.9506914384] 

[6, 3.9142850031, 1.3494367928, 3.4153168777] 

[7, 3.7790215227, 1.6684076674, 4.1889579558] 

[8, 3.6917137714, 1.4207142797, 3.6435554528] 

[9, 3.6064192708, 1.7673221217, 4.4181612308] 

[10, 3.5308287377, 1.8814241894, 4.6230043991] 

[11, 3.4710611979, 1.7902910478, 4.4781494141] 

[12, 3.4190230545, 1.718870731, 4.3875613796] 

[13, 3.3671231618, 1.7888505033, 4.4531697719] 

[0, 7.4495994179, 1.8621860612, 3.7145552202] 

[1, 5.0456648284, 1.3029005475, 2.4985167883] 

[0, 7.3403079044, 1.4038067761, 2.8228201074] 

[1, 4.9303404565, 1.4719461184, 2.8979145875] 

[0, 7.3883233762, 1.1294372941, 2.3592311178] 

[1, 4.9587457874, 1.6096719485, 3.0680031134] 

[2, 4.6726773131, 1.6581451512, 3.1759840627] 

[0, 6.9253860294, 1.4661352463, 2.9050595275] 

[1, 4.8157877604, 1.854086562, 3.1629422466] 

[2, 4.4700157016, 1.7478670222, 2.6716465487] 

[3, 4.274832261, 2.3468583923, 3.7641785242] 

[4, 4.0609800092, 2.3840152178, 3.5318239983] 

[5, 3.7928125, 2.7933921694, 4.2855461862] 

[6, 3.6341819853, 2.789517872, 4.1043169267] 

[7, 3.4604201134, 3.4013901474, 5.3693575964] 

[8, 3.3640456495, 3.22172025, 4.7842615779] 

[9, 3.2970626532, 3.5776198815, 5.4503736346] 

[10, 3.2113846124, 3.9887794806, 6.2940203149] 

[11, 3.1676459099, 3.8818715254, 5.9724687439] 

[12, 3.1086981081, 3.8296292583, 5.6709485667] 

[13, 3.0486019838, 4.2128305465, 6.4661884368] 

[0, 7.8201034007, 2.0446578358, 3.4614575425] 

[1, 5.7049605545, 1.7668856917, 2.419686153] 

[2, 5.4784566483, 2.1432376491, 2.921178166] 

[3, 5.3210332414, 2.0008443516, 2.3214633667] 

[4, 5.2329289216, 2.1848726183, 2.5935538839] 

[5, 5.1629139859, 2.4712771233, 3.1272810694] 

[6, 5.0780648744, 2.4420160276, 2.8384187035] 

[7, 5.0178220741, 2.3117627948, 2.433130916] 

[8, 4.9498579197, 2.851320464, 3.4540250294] 

[9, 4.8545136336, 2.6605084936, 2.9235732697] 

[10, 4.7724061734, 2.9243261642, 3.3769500637] 

[11, 4.716640625, 2.7393485042, 2.8373436046] 

[12, 4.6535347733, 2.609941919, 2.4008676176] 

[13, 4.6399368107, 2.9201124424, 3.0150464097] 

[14, 4.5670890778, 3.1191182391, 3.3155636204] 

[15, 4.5366218597, 2.8023953333, 2.5266476814] 

[16, 4.5054764093, 3.101334814, 3.0183390555] 

[17, 4.4727240349, 2.7005785521, 2.1680718784] 

[18, 4.4297522212, 2.730455548, 2.1053958522] 

[19, 4.420725337, 3.1749009279, 3.0005060752] 

[20, 4.3946679688, 3.3123358365, 3.1432489377] 

[21, 4.3723793658, 3.0819788248, 2.5634782845] 

[22, 4.3371354167, 3.3456032493, 3.0138825324] 

[23, 4.3160343903, 3.040912688, 2.2903283577] 

[0, 8.6494584865, 1.7499837367, 3.3113125888] 

[1, 6.6647449449, 1.5406899766, 2.4920474444] 

[2, 6.4792892157, 2.0100882121, 2.9575595198] 

[3, 6.3546051624, 1.8399476437, 2.3416317548] 

[4, 6.2711780025, 1.9231242117, 2.3416901113] 

[5, 6.2288495711, 2.440257488, 3.3765421422] 

[6, 6.1312442555, 2.4470446356, 3.0524885124] 

[7, 6.0806265319, 2.1375611882, 2.5532632188] 

[8, 6.0375157016, 2.2032179877, 2.5168422591] 

[9, 6.0172250306, 2.9406198723, 4.024709863] 

[10, 5.9984631587, 2.5810736294, 2.9018506854] 

[11, 5.9483555453, 2.6155579187, 2.9128031477] 

[12, 5.9182912071, 2.560195014, 2.6926864576] 

[13, 5.8844799326, 2.5188409213, 2.5992682287] 

[14, 5.8858919271, 2.6188928491, 2.6279354275] 

[15, 5.8270500153, 2.6198669242, 2.6960638638] 

[16, 5.7665804994, 3.2625916101, 3.4959100705] 

[17, 5.7521790748, 3.0741410689, 3.2862843481] 

[18, 5.7358972886, 3.0564351336, 3.0254556781] 

[19, 5.6830510876, 2.9170696773, 2.7576307339] 

[20, 5.6808540135, 3.3543398866, 3.5186691045] 

[21, 5.640167356, 3.3051937665, 3.2161038677] 

[22, 5.6305081955, 3.5225964011, 3.687860471] 

[23, 5.5897277114, 3.3130261651, 3.1388685651] 

[24, 5.5730755974, 3.8021672646, 4.1271295338] 

[25, 5.5762289369, 3.2204153605, 2.6266695698] 

[26, 5.5655238971, 3.4045601489, 3.0112800239] 

[27, 5.550301777, 3.8642811551, 3.8098699396] 

[28, 5.5305671722, 3.4860621724, 2.9292570012] 

[29, 5.5198920037, 3.6216417271, 3.2226849499] 

[30, 5.52068053, 4.0085169873, 4.1946933471] 

[31, 5.4936519608, 3.9711611757, 3.5282537287] 

[32, 5.494118413, 4.2726970421, 4.4089286589] 

[33, 5.4870952053, 3.9249485697, 3.5348306016] 

[34, 5.4734390319, 3.8959230046, 3.6452632892] 

[35, 5.4520948223, 3.960120509, 3.3711163273] 

[36, 5.4566988358, 4.0505137668, 3.5708206799] 

[37, 5.4394263174, 4.2595827109, 4.0309920834] 

[38, 5.4305487898, 4.3036826202, 4.1483670895] 

[39, 5.4234922641, 4.3195854354, 4.0285288652] 

[40, 5.4111335784, 4.1479385041, 3.4789093879] 

[41, 5.4060420496, 4.5945298724, 3.9590000643] 

[42, 5.3898471967, 4.5492042852, 3.8284460564] 

[43, 5.3772250306, 4.3553727009, 3.4890416065] 

[44, 5.3858880974, 4.4261283277, 3.8854318457] 

[45, 5.3567447917, 4.8909188871, 4.2492572462] 

[46, 5.3777684589, 4.3000044389, 3.3094845954] 

[47, 5.3485317096, 4.8317197602, 4.2252373292] 

[48, 5.3468834252, 4.8239084082, 4.412568191] 

[49, 5.3502814798, 4.393256591, 3.22861397] 

