[0, 0.6303605812, 0.304548632, 0.304548632] 

[0, 0.5866827854, 0.2555259791, 0.2555259791] 

[10, 0.2971490372, 0.1961636977, 0.1961636977] 

[20, 0.3026805035, 0.2445320866, 0.2445320866] 

[30, 0.2884608868, 0.1842350743, 0.1842350743] 

[40, 0.2881210238, 0.2280944694, 0.2280944694] 

[50, 0.2972416102, 0.2122134512, 0.2122134512] 

[60, 0.292057614, 0.2041660439, 0.2041660439] 

[0, 0.6178568019, 0.2595206824, 0.2595206824] 

[10, 0.3109176547, 0.2051545273, 0.2051545273] 

[20, 0.2953677288, 0.150584676, 0.150584676] 

[30, 0.2958710914, 0.182383624, 0.182383624] 

[40, 0.2905998008, 0.1554073746, 0.1554073746] 

[50, 0.2978857173, 0.1734388308, 0.1734388308] 

[60, 0.294434747, 0.1930144917, 0.1930144917] 

[70, 0.2896954514, 0.1871510636, 0.1871510636] 

[80, 0.2882070541, 0.1603262099, 0.1603262099] 

[90, 0.2883878974, 0.1594605879, 0.1594605879] 

[100, 0.2914653379, 0.1780769175, 0.1780769175] 

[110, 0.3102194542, 0.205862999, 0.205862999] 

[120, 0.2889618763, 0.1692283262, 0.1692283262] 

[130, 0.3002629391, 0.1589468284, 0.1589468284] 

[140, 0.289679616, 0.2107037197, 0.2107037197] 

[150, 0.2943965557, 0.2139550773, 0.2139550773] 

[160, 0.293945002, 0.1998874491, 0.1998874491] 

[170, 0.3072268464, 0.1826917258, 0.1826917258] 

[180, 0.29340642, 0.1594160253, 0.1594160253] 

[190, 0.2974215219, 0.1550997496, 0.1550997496] 

[200, 0.2865934816, 0.1844596863, 0.1844596863] 

[210, 0.2904871342, 0.1894196164, 0.1894196164] 

[220, 0.2961572159, 0.1889011643, 0.1889011643] 

[230, 0.2919647084, 0.1757582101, 0.1757582101] 

[240, 0.2870393797, 0.1642481089, 0.1642481089] 

[250, 0.2926480493, 0.1988674944, 0.1988674944] 

[260, 0.2926732662, 0.1989916455, 0.1989916455] 

[270, 0.2940751231, 0.1573450782, 0.1573450782] 

[280, 0.287114476, 0.1863479398, 0.1863479398] 

[290, 0.2996537408, 0.2350571372, 0.2350571372] 

[300, 0.2790377195, 0.1537764939, 0.1537764939] 

[310, 0.2821730015, 0.1570984125, 0.1570984125] 

[320, 0.2878586303, 0.1664834023, 0.1664834023] 

[330, 0.2879980664, 0.1829523823, 0.1829523823] 

[340, 0.2990977709, 0.1533153165, 0.1533153165] 

[350, 0.2829685877, 0.1995793906, 0.1995793906] 

[360, 0.2862001685, 0.1619116826, 0.1619116826] 

[370, 0.284639292, 0.2012724876, 0.2012724876] 

[380, 0.2933451409, 0.1693452705, 0.1693452705] 

[390, 0.2955957679, 0.2106578567, 0.2106578567] 

