Data type: log_quat, num_epochs: 1000, 	 lr: 0.0005 
21] 

[10, 3659.6856884058, 1471.4282366071, 304029.4076190909] 

[20, 3424.4476902174, 2190.1466517857, 294841.7346142196] 

[30, 3634.6668931159, 1614.8965401786, 315894.1403232974] 

[40, 3482.1374547101, 1524.3254464286, 305247.7259587657] 

[50, 3420.7420742754, 2467.7709821429, 309685.8785370547] 

[60, 3453.1390398551, 1750.7737723214, 308988.9192461097] 

[70, 3291.9196105072, 1701.8417410714, 313258.9094072616] 

[80, 3332.6972373188, 1178.5441964286, 317778.2119327483] 

[90, 3345.558423913, 1347.1280133929, 309163.109771904] 

[100, 3236.3267663043, 1721.225, 320402.8666697972] 

[110, 3286.2074275362, 1324.2873883929, 312462.135570344] 

[120, 3184.5455163043, 1433.8418526786, 314314.4893910599] 

[130, 3282.3106884058, 1713.5389508929, 312497.4445046662] 

[140, 3175.7946105072, 2082.9622767857, 320223.802418469] 

[150, 3008.6204710145, 1568.2930803571, 306730.6145057224] 

[160, 3126.2699275362, 1464.7777901786, 309710.2892893593] 

[170, 3090.7950634058, 1644.4034598214, 314686.5274904266] 

[180, 3112.2866847826, 1386.5371651786, 323455.211284286] 

[190, 3060.285326087, 1566.3053571429, 306265.8892929309] 

[200, 3043.6838768116, 1726.2404017857, 306443.3040277015] 

[210, 3076.0548007246, 1521.4975446429, 311998.1834655786] 

[220, 3033.334692029, 1511.5870535714, 319341.6505839959] 

[230, 3023.8779438406, 1399.7462053571, 319809.2773448512] 

[240, 3105.4508605072, 1542.67890625, 318133.9659006583] 

[250, 2999.9773550725, 1174.9037946429, 313204.2295043794] 

[260, 3033.2076539855, 2192.0680803571, 304300.0961400631] 

[270, 2990.8822463768, 1458.9344866071, 318011.3590819279] 

[280, 2984.2069746377, 1336.3136160714, 312283.7142076258] 

[290, 2990.0192481884, 1879.0069196429, 310111.4968838725] 

[300, 3019.4461050725, 1615.1893973214, 303987.6098935229] 

[310, 3023.0604619565, 1293.1547991071, 313035.1944124924] 

[320, 3032.2740036232, 1168.1956473214, 301821.4239540892] 

[330, 3005.3383152174, 1340.6297991071, 297935.4979744831] 

[340, 2977.4941123188, 1421.3055803571, 317673.6611380192] 

[350, 3113.0991847826, 1415.4252232143, 311876.0914159498] 

[360, 3026.0398550725, 1894.7551339286, 306499.5016948343] 

[370, 2993.8188405797, 1312.6206473214, 308432.6137531901] 

[380, 2978.5842391304, 1504.7614955357, 315488.7545951549] 

[390, 3001.6510416667, 1253.7079241071, 301249.070689078] 

[400, 2987.7595108696, 1234.08828125, 314316.0803051453] 

[410, 3052.2563405797, 1727.1040178571, 304707.4245006069] 

[420, 3033.4825634058, 1534.8862723214, 308317.3736925358] 

[430, 3069.3591485507, 1877.9066964286, 310657.5647967437] 

[440, 2962.1585144928, 1604.6385044643, 316137.6199372958] 

[450, 2955.8079710145, 1715.0165178571, 305596.2008435528] 

[460, 2951.5790307971, 1456.2502232143, 304329.6532492607] 

[470, 3022.6474184783, 1117.6831473214, 316371.8024992492] 

[480, 2962.386548913, 1338.1459821429, 304237.0650404504] 

[490, 2983.3145380435, 1166.66484375, 313378.2954046941] 

[500, 3022.4814311594, 1702.8702008929, 308594.2833957265] 

[510, 2876.6714221014, 1705.8529017857, 311847.709974649] 

[520, 2979.34375, 1762.2767857143, 306460.7932267892] 

[530, 2966.2275815217, 1444.35703125, 315331.3652983286] 

[540, 3042.1623641304, 1392.7473214286, 302441.555572223] 

[550, 2941.1970108696, 1128.31875, 320557.8564381707] 

[560, 3057.0833333333, 1648.6036830357, 299703.4134111376] 

[570, 2936.7438858696, 1249.2484375, 309543.322471857] 

[580, 3077.4866394928, 1234.70078125, 311051.8507252751] 

[590, 2987.5869565217, 1075.9872767857, 304876.4882220362] 

[600, 2970.0264945652, 1526.6762276786, 319243.2480197185] 

[610, 2981.0792572464, 1264.4347098214, 303468.722777758] 

[620, 2983.230298913, 1326.2606026786, 314580.3427446725] 

[630, 2982.2196557971, 1148.1955357143, 316272.7711891379] 

[640, 2901.5862771739, 1208.2606026786, 314155.9762541109] 

[650, 2949.9714673913, 1643.0675223214, 310295.9875755525] 

[660, 2937.8980978261, 1304.7582589286, 298528.2955390317] 

[670, 3018.1426630435, 1218.6283482143, 309205.6771670991] 

[680, 2946.3586956522, 1464.7552455357, 307168.3318181063] 

[690, 2924.5971467391, 1386.8081473214, 308588.5736053631] 

[700, 2921.1582880435, 2031.2401785714, 307236.0355577993] 

[710, 2886.2918931159, 1153.9350446429, 304647.8351159036] 

[720, 2932.9635416667, 1296.1296875, 307871.2210591402] 

[730, 2943.4682971014, 1173.97734375, 308722.9906788929] 

[740, 2973.1836503623, 1203.5805803571, 299545.2430985281] 

[750, 3085.6961050725, 1424.0714285714, 301454.6915720159] 

[760, 2926.0142663043, 1370.3521205357, 315735.2669490312] 

[770, 2980.2173913043, 1782.3651785714, 324022.8681565939] 

[780, 2939.5122282609, 1227.6598214286, 308458.8892902761] 

[790, 3016.6254528986, 1450.0736607143, 322504.1375354054] 

[800, 3010.7010869565, 1513.0693080357, 298708.5402443903] 

[810, 2986.1913496377, 1397.4535714286, 313335.5084200727] 

[820, 2962.8922101449, 1354.7662946429, 302551.6428797111] 

[830, 2989.0557065217, 1476.1310267857, 309984.1812840989] 

[840, 2959.0092844203, 1187.0834821429, 318229.0906435604] 

[850, 3061.2613224638, 1266.9905133929, 310389.1775228209] 

[860, 3011.3829257246, 1327.4462053571, 303810.4463267868] 

[870, 2919.2164855072, 1412.3372767857, 307887.8626094123] 

[880, 2936.7085597826, 1914.1716517857, 314818.3992160441] 

[890, 3047.2595108696, 1432.1877232143, 313815.407829078] 

[900, 2974.0557065217, 1333.009375, 309264.5260495649] 

[910, 2911.2214673913, 1694.6037946429, 325491.7189868607] 

[920, 2934.8688858696, 1259.87265625, 310617.7209704385] 

[930, 2928.8016304348, 1223.2152901786, 324651.8972369886] 

[940, 3003.8179347826, 1694.7111607143, 307222.7458434884] 

[950, 3008.0964673913, 1394.1252232143, 316252.9286528683] 

[960, 2943.5609148551, 1269.3488839286, 302560.6932620769] 

[970, 3045.0004528986, 1559.2691964286, 309685.6846693084] 

[980, 3006.459692029, 1183.91015625, 301950.47967952] 

[990, 3001.0656702899, 1699.3544642857, 317181.3342866437] 

