[0, 0.2839235886, 2.0957537333, 0.1190528075] 

[10, 0.1724110985, 2.1000411987, 0.1519151847] 

[20, 0.1672192357, 2.0961087545, 0.1448197206] 

[0, 1.1919335631, 1.2979200999, 0.7133314768] 

[10, 0.9839973729, 3.4402483622, 0.6442731222] 

[20, 0.9564107578, 5.1115178426, 0.6509461721] 

[30, 0.9475438866, 5.8885264079, 0.6694037755] 

[40, 0.9395667767, 6.9551361084, 0.5848969777] 

[50, 0.9371080867, 4.0102010091, 0.6206795375] 

[60, 0.9335735963, 7.1056833903, 0.6486531576] 

[70, 0.933631315, 8.6858306885, 0.6265305201] 

[80, 0.9271988346, 9.8640970866, 0.6621164322] 

[90, 0.9248959532, 8.0336130778, 0.6124821345] 

[0, 1.2042217195, 0.5817712148, 0.6498828888] 

[10, 0.9655476633, 0.472667853, 0.6404408773] 

[20, 0.9350613362, 0.4583401362, 0.6211336136] 

[30, 0.924455569, 0.4258934657, 0.595105807] 

[40, 0.9172378588, 0.4116859754, 0.5794193904] 

[50, 0.9090681405, 0.3946908315, 0.5705979029] 

[60, 0.9007804974, 0.4046436628, 0.5640545527] 

[70, 0.9016228081, 0.4125842094, 0.5903984706] 

[80, 0.9074300768, 0.4206461589, 0.6062988281] 

[90, 0.8987946545, 0.4234042168, 0.5929033279] 

