[0, 11.517961811, 6.9623306274, 10.2716878255] 

[10, 10.1025431443, 9.4760375977, 9.9385050456] 

[20, 11.2157274523, 61.8891031901, 10.5858022054] 

[30, 11.152718252, 62.0161010742, 10.4373931885] 

[40, 11.0694624722, 59.4825073242, 10.4534342448] 

[50, 10.4163625751, 57.4689941406, 9.9778574626] 

[60, 11.6548621996, 68.6442301432, 11.1316416423] 

[70, 11.2524857955, 40.5248819987, 10.6166086833] 

[80, 10.9812932667, 33.879864502, 10.5115915934] 

[90, 10.9170544344, 31.8830932617, 10.528125] 

[100, 10.8362119988, 33.365250651, 10.5194834391] 

[110, 10.3435336664, 29.2528177897, 10.0974741618] 

[120, 10.1284011315, 25.5863301595, 9.8807851156] 

[130, 10.0677624167, 24.457019043, 9.9228037516] 

[140, 10.0308122306, 24.0996114095, 9.8954671224] 

[150, 10.0158923557, 24.3096618652, 9.9331960042] 

[160, 10.0021163956, 23.9802612305, 9.9504302979] 

[170, 9.987347546, 24.0657816569, 9.836920166] 

[180, 9.986982228, 25.3128214518, 9.9080607096] 

[190, 9.9768176104, 24.3802001953, 9.957240804] 

[200, 9.9746379474, 24.0318684896, 9.8490041097] 

[210, 9.9702612738, 23.8434773763, 9.8958953857] 

[220, 9.9604793218, 24.1711568197, 9.8386057536] 

[230, 9.9586996718, 24.7858927409, 9.9035715739] 

[240, 9.94954223, 24.7748799642, 9.8786529541] 

[0, 11.372445835, 12.1226094564, 10.3718780518] 

[0, 11.4741889531, 8.1743209839, 10.4753692627] 

[10, 10.1420209639, 12.5529215495, 10.0898061117] 

[20, 10.0480270784, 15.9701731364, 10.047845459] 

[30, 10.1105107514, 34.4683024089, 9.9530924479] 

[40, 10.8973956292, 37.9369262695, 10.4373921712] 

[50, 10.833235371, 35.566007487, 10.3212086995] 

[60, 10.774135482, 36.1828572591, 10.3952891032] 

[70, 10.2483142307, 37.193758138, 10.1231252035] 

[80, 10.0584121114, 28.6653218587, 9.9435994466] 

[90, 10.0326286164, 29.3546590169, 9.954888916] 

[100, 10.0318051202, 28.5835103353, 9.9955312093] 

[110, 10.0231803487, 29.1255655924, 9.9252156576] 

[120, 10.0046501518, 29.6879964193, 9.9592997233] 

[130, 10.0006990024, 26.8006937663, 10.0576049805] 

[140, 10.0060583611, 26.9536722819, 10.0565582275] 

[150, 9.9948365661, 27.0071126302, 10.0042012533] 

[160, 9.9954723011, 29.1461791992, 9.9781361898] 

[170, 9.9848382804, 28.3160176595, 9.9720062256] 

[180, 9.9882455345, 28.9927734375, 10.0707000732] 

[190, 9.980783046, 28.8991699219, 10.0033915202] 

[200, 9.9849862444, 29.8468648275, 10.214461263] 

[210, 9.9856821855, 29.4998046875, 10.0410125732] 

[220, 9.9767461795, 26.2331604004, 10.073139445] 

[230, 9.9780707125, 30.6138264974, 10.0027140299] 

[240, 9.9864199647, 28.6866353353, 10.0215199788] 

[0, 12.1954563822, 6.0948079427, 10.7228424072] 

[0, 11.6463721264, 11.0068552653, 10.3355997721] 

[0, 12.0889743339, 7.9075230916, 11.2498596191] 

[0, 0.8262808709, 0.5884062449, 16.849492391] 

[0, 0.8230535972, 0.5737537384, 15.0744639079] 

[10, 0.708668931, 0.5031754812, 15.4728993734] 

[0, 11.4070898233, 9.2889444987, 10.4455678304] 

