[0, 3.4582377842, 0.7957505726, 3.0273591904] 

[10, 1.6927764529, 0.8431902386, 0.8827488309] 

[20, 1.6252519517, 1.0126128424, 0.6576957703] 

[29, 1.6109679086, 1.1266312372, 0.6857411521] 

[0, 2.5952824184, 0.7307679313, 1.6165840512] 

[10, 1.0194034576, 0.8536147163, 0.5373254958] 

[20, 0.9829483032, 0.7989860716, 0.5074765796] 

[29, 0.9710111164, 0.8058956691, 0.3706426848] 

[0, 5.4296175639, 8.5665156047, 12.4808743795] 

[10, 2.7049374051, 2.7557856242, 2.7898772558] 

[20, 2.5461345249, 1.8040803274, 3.0560127894] 

[29, 2.2978401184, 2.6101551056, 2.4627170563] 

[0, 3.8462696075, 2.797000885, 4.7748348236] 

[10, 1.9329023361, 1.9976551056, 2.1769321442] 

[20, 1.6518138885, 1.9508453369, 1.6205694199] 

[29, 1.4581821442, 2.3719137192, 1.3261985779] 

