[0, nan, 38.638707778, nan] 

[10, nan, 38.7748664407, nan] 

[20, nan, 38.5926872702, nan] 

[30, nan, 38.7654849782, nan] 

[40, nan, 38.5330523323, nan] 

[50, nan, 38.5435324276, nan] 

[60, nan, 38.5789112764, nan] 

[70, nan, 38.6874784582, nan] 

[80, nan, 38.5971715591, nan] 

[90, nan, 38.7541360294, nan] 

[100, nan, 38.7470846737, nan] 

[110, nan, 38.6291108973, nan] 

[120, nan, 38.7172851562, nan] 

[130, nan, 38.8118860581, nan] 

[140, nan, 38.7415663775, nan] 

[150, nan, 38.7670467601, nan] 

[160, nan, 38.6129796645, nan] 

[170, nan, 38.5597821404, nan] 

[180, nan, 38.7615212833, nan] 

[190, nan, 38.6093426873, 7083.3056066176] 

[200, nan, 38.5912906422, nan] 

[210, nan, 38.5227409812, nan] 

[220, nan, 38.7346011891, nan] 

[230, nan, 38.5816650391, nan] 

[240, nan, 38.585736443, 6213.0868566176] 

[250, nan, 38.5950066062, nan] 

[260, nan, 38.7934821634, nan] 

[270, nan, 38.7443524529, nan] 

[280, nan, 38.7507072898, nan] 

[290, nan, 39.4570599724, nan] 

[300, nan, 39.6571439855, nan] 

[310, nan, 39.6289995979, nan] 

[320, nan, 39.6097483915, nan] 

[330, nan, 39.666335162, nan] 

[340, nan, 39.6509040384, nan] 

[350, nan, 39.5592615464, nan] 

[360, nan, 39.5551937328, nan] 

[370, nan, 39.5011848001, nan] 

[380, nan, 39.7741555607, nan] 

[390, nan, 39.4988618739, nan] 

[0, 178.8403033088, 31.418726304, 99.4773236443] 

[10, 51.1406788545, 31.2205307904, 54.9712273093] 

[20, 25.2061444451, 37.3080875172, 39.2535400391] 

[30, 18.9248639275, 44.4319314396, 32.1002699908] 

[40, 17.8655628878, 44.3445865407, 29.3218240177] 

[50, 17.0572779038, 42.0464046703, 36.0767104205] 

[60, 15.3679630055, 49.1547528435, 31.6100284352] 

[70, 16.5515405991, 49.6468972599, 32.806001551] 

[0, 170.1999368107, 38.9321648093, 105.6056554458] 

[10, 92.6035084444, 31.2090238683, 93.6285113166] 

[20, 82.7709099265, 33.9736040901, 79.6830049403] 

[30, 81.6609173943, 34.9503425149, 80.7188002642] 

[40, 76.1201530905, 35.9844647576, 71.7593132468] 

[50, 67.648272346, 36.2768770106, 61.6949247472] 

[60, 65.1045783548, 35.6675163718, 59.1706255744] 

[70, 63.8590375115, 36.1910938936, 59.1207993451] 

[80, 64.029095818, 35.8896987017, 63.7765754251] 

[90, 63.6038674747, 36.5385813994, 56.9994363224] 

[100, 63.3908547794, 36.0028363396, 60.7586741728] 

[110, 62.9007711972, 35.598449707, 60.3891529756] 

[120, 63.2560819738, 35.4715037626, 58.273236443] 

[130, 63.2373262293, 35.9498685949, 59.0199513155] 

[140, 62.5842428768, 36.4538646025, 59.0598467659] 

[150, 62.4917782054, 36.0976095761, 58.2565594841] 

[160, 63.0035328585, 35.9698917165, 58.0612613454] 

[170, 62.608333812, 36.945750517, 53.0548849667] 

[180, 62.7929472082, 35.7922004251, 62.4459731158] 

[190, 62.0805305032, 37.0587301815, 53.8170919979] 

[200, 62.016702091, 35.8602366728, 59.0045166016] 

[210, 61.8454805262, 36.7242288028, 56.912629969] 

[220, 61.6765352137, 35.8945348403, 56.7751859777] 

[230, 61.266501034, 35.6148178998, 61.395170324] 

[240, 62.9870102826, 35.4338594324, 60.9439338235] 

[250, 61.9982910156, 35.9463034237, 62.0120059743] 

[260, 62.2355310777, 35.3866218118, 61.0965145335] 

[270, 62.1486672794, 36.4505292107, 60.5655445772] 

[280, 61.8217127183, 36.0704920152, 57.4367388557] 

[290, 62.1719970703, 35.9509887695, 65.0177504596] 

[300, 62.2935001149, 36.2360875747, 57.9245461857] 

[310, 62.0312356388, 36.3793586282, 59.7045036765] 

[320, 62.2194967831, 36.6936286477, 57.7930082433] 

[330, 62.0692497702, 36.9619248334, 54.755385455] 

[340, 61.5714542165, 36.4412985409, 55.0698924345] 

[350, 62.1022805607, 36.8978307387, 55.4577277688] 

[360, 62.1653550092, 36.011754653, 60.232895795] 

[370, 62.0070800781, 36.9336224724, 56.9202880859] 

[380, 61.5735078699, 36.0806023093, 58.029013241] 

[390, 61.3278162339, 35.8280244715, 61.9018411075] 

