Data type: log_quat, num_epochs: 500, 	 lr: 0.0001 
02909] 

[10, 2688.6904438406, 1598.5486607143, 292189.7004499949] 

[20, 2270.9723731884, 1129.3108258929, 294755.2946138072] 

[30, 2183.7860054348, 1052.82265625, 286960.598060755] 

[40, 2201.3675271739, 1062.2765625, 286233.121754069] 

[50, 2132.7769474638, 977.2440848214, 282983.1653893449] 

[60, 2118.9144021739, 928.5365513393, 279292.463156767] 

[70, 2118.7991394928, 1029.4119419643, 286688.9344381498] 

[80, 2037.4567481884, 865.20546875, 280027.0516113494] 

[90, 2052.9542572464, 1022.8797991071, 280951.4000983235] 

[100, 2118.4970561594, 791.8809709821, 288542.6712102997] 

[110, 2109.118432971, 1073.6926339286, 278482.9122971153] 

[120, 2096.1326992754, 965.0294642857, 278916.7038505056] 

[130, 2117.1843297101, 834.6239955357, 276303.3010722495] 

[140, 2078.9689764493, 834.3579799107, 278582.5747464168] 

[150, 2091.1972373188, 936.2766741071, 278771.9977151248] 

[160, 1991.7490942029, 814.5682477679, 286333.0285986355] 

[170, 2048.8688858696, 997.9463169643, 281205.3847055175] 

[180, 1988.0548007246, 802.2419642857, 287461.5914597981] 

[190, 2076.0849184783, 895.62421875, 287750.5151265328] 

[200, 2046.4098731884, 879.0504464286, 278203.0862015994] 

[210, 2023.4311594203, 934.5119419643, 266402.7557150483] 

[220, 2032.8926630435, 786.1967075893, 260026.3942886378] 

[230, 2111.5788043478, 892.7986049107, 304756.0312028159] 

[240, 2039.7930253623, 918.7669642857, 273319.8228807723] 

[250, 1937.832201087, 895.0237165179, 254140.4846466377] 

[260, 1917.8063858696, 1149.0752232143, 262311.8812736962] 

[270, 1976.8245018116, 1167.2170758929, 247541.5093743355] 

[280, 1918.3883605072, 708.3709821429, 235190.1214352984] 

[290, 2070.3795289855, 922.3370535714, 255223.1122844336] 

[300, 1993.8806612319, 816.5151785714, 346723.6216772286] 

[310, 1967.1145833333, 860.2772321429, 271132.5317832338] 

[320, 1961.981884058, 847.9491071429, 230478.2858853484] 

[330, 1963.238451087, 829.1018973214, 199724.3054745439] 

[340, 1955.7724184783, 761.6715959821, 189846.647944139] 

[350, 2088.2633605072, 879.3853236607, 174642.9686872062] 

[360, 2061.3457880435, 880.6258370536, 363843.9519862768] 

[370, 2090.6750452899, 755.9584263393, 180436.3995471431] 

[380, 1994.4365942029, 792.7779017857, 250913.890418778] 

[390, 1885.2087862319, 794.3012834821, 169114.9257019723] 

[400, 2035.8365036232, 817.8221540179, 218376.3058180709] 

[410, 1979.0602355072, 883.8691964286, 242158.4729513412] 

[420, 2031.6039402174, 822.0219866071, 163521.0046503082] 

[430, 1968.5473278986, 834.8070870536, 191191.7396251688] 

[440, 2130.3358242754, 1011.1801339286, 221237.5431846651] 

[450, 2036.6945199275, 789.3630580357, 208411.0190417234] 

[460, 1989.1154891304, 864.4542410714, 179659.2195941436] 

[470, 2007.6356431159, 799.5525111607, 204116.7495555292] 

[480, 2077.6607789855, 825.9890066964, 180594.6729239044] 

[490, 2019.5226449275, 970.6295758929, 164716.143116824] 

