Data type: log_quat, num_epochs: 500, 	 lr: 0.0005 
09737] 

[10, 2623.0887681159, 1263.9040178571, 296134.3355614102] 

[20, 2472.4372735507, 1300.8819196429, 289689.3039730581] 

[30, 2430.5563858696, 1263.1987723214, 290703.3873720408] 

[40, 2377.1981431159, 1291.9078125, 296430.5009134429] 

[50, 2324.893115942, 1552.4927455357, 292567.6938472425] 

[60, 2300.6062047101, 1085.9981026786, 300953.8598724383] 

[70, 2372.7810235507, 1357.2818080357, 313906.1064087591] 

[80, 2326.0240036232, 1138.15, 301224.4853163604] 

[90, 2317.6811594203, 1180.9207589286, 302373.4927846749] 

[100, 2269.3564311594, 1211.3527901786, 299392.55184591] 

[110, 2372.4501811594, 1353.1983258929, 303394.5421842594] 

[120, 2236.9830163043, 1204.2441964286, 302912.1870784634] 

[130, 2350.8448822464, 1204.2302455357, 307105.4867584134] 

[140, 2334.069067029, 1385.2119419643, 297525.6727146192] 

[150, 2356.8238224638, 1298.8902901786, 301038.0239220351] 

[160, 2294.8360507246, 1208.7053571429, 302512.3821295794] 

[170, 2249.1422101449, 1316.5819196429, 315387.6692826158] 

[180, 2332.5106431159, 1240.4087053571, 302027.9890727841] 

[190, 2182.6802536232, 1147.3450892857, 303853.328107344] 

[200, 2180.9030797101, 1318.6315848214, 303082.7572447651] 

[210, 2224.4216485507, 1269.7108258929, 311930.2556706476] 

[220, 2204.4578804348, 1142.3604910714, 304499.4125896802] 

[230, 2302.5579710145, 1334.7732142857, 292166.9086706141] 

[240, 2078.1252264493, 1158.3746651786, 300643.1692952009] 

[250, 2212.3106884058, 1391.0546875, 303935.111963262] 

[260, 2216.6777626812, 1196.1919642857, 293566.1134110204] 

[270, 2283.7536231884, 1218.1530133929, 299541.4339150721] 

[280, 2265.0348731884, 1256.0196428571, 301408.4464613443] 

[290, 2180.2764945652, 1216.3059151786, 314601.190172245] 

[300, 2206.9427083333, 1304.3401785714, 304926.8470378144] 

[310, 2209.0296648551, 1223.9143973214, 302043.7935599253] 

[320, 2151.6546648551, 1180.36875, 301664.758486704] 

[330, 2247.1897644928, 1294.6321428571, 306901.1316336723] 

[340, 2243.6684782609, 1260.9178571429, 306760.2321637843] 

[350, 2229.0240036232, 1341.0672991071, 306093.7606284653] 

[360, 2250.3473731884, 1213.4785714286, 305138.9201326825] 

[370, 2220.3140851449, 1348.70546875, 308812.7923022395] 

[380, 2232.2117300725, 1283.0547991071, 298871.4581260313] 

[390, 2255.3057065217, 1426.1637276786, 295994.5013444228] 

[400, 2165.0722373188, 1365.84609375, 301324.9030139253] 

[410, 2254.0769927536, 1335.5487723214, 299579.674618101] 

[420, 2136.7730978261, 1349.0612723214, 309580.6099895172] 

[430, 2269.8571105072, 1388.5977678571, 298171.713782513] 

[440, 2280.3720561594, 1260.1861607143, 298659.2912217242] 

[450, 2257.3163496377, 1227.5149553571, 305070.4412065016] 

[460, 2276.5622735507, 1282.0895089286, 316546.4592945763] 

[470, 2168.5987318841, 1282.9125, 300132.0444332173] 

[480, 2197.097826087, 1191.8866071429, 304901.3355640896] 

[490, 2313.3152173913, 1319.3424107143, 303588.1406077812] 

