Data type: pos_diff_start, num_epochs: 1000, 	 lr: 0.0005 
6.7406077665, 32.1503224092, 32.1503208628] 

[20, 147.2675494026, 36.6302310719, 36.630229112] 

[30, 138.3988683364, 28.4350801356, 28.4350802171] 

[40, 143.2181324678, 39.0698637121, 39.0698643221] 

[50, 137.6524011949, 37.0921702665, 37.0921720363] 

[60, 140.8024471507, 23.1391565659, 23.1391597179] 

[70, 136.8818502987, 30.4719417796, 30.4719413487] 

[80, 132.1982996324, 24.396425135, 24.3964237307] 

[90, 139.0093204274, 25.8310044233, 25.8310060547] 

[100, 133.2593060662, 47.5403514189, 47.5403470679] 

[110, 132.5591251149, 42.6898480584, 42.6898491389] 

[120, 129.0007180607, 44.0592974494, 44.059302271] 

[130, 130.5456973805, 22.2475657744, 22.2475656818] 

[140, 137.3993566176, 15.5311297248, 15.5311306315] 

[150, 130.1510225184, 36.346295525, 36.3462980472] 

[160, 127.7650792739, 30.0809074851, 30.0809074871] 

[170, 129.4853228401, 24.6123764936, 24.6123748727] 

[180, 136.7982536765, 39.897206026, 39.8972039343] 

[190, 132.2217658548, 28.9655277028, 28.9655312813] 

[200, 122.3144818474, 13.731960521, 13.7319603726] 

[210, 126.7800436581, 34.9190171186, 34.9190137809] 

[220, 133.0155962776, 16.8771218693, 16.8771241534] 

[230, 131.8115521599, 20.2802860036, 20.2802859983] 

[240, 129.5250603171, 13.2719529096, 13.2719550879] 

[250, 128.1161534926, 28.0548777861, 28.0548787203] 

[260, 131.485452091, 25.8975399242, 25.8975407291] 

[270, 128.7583151425, 14.4509492762, 14.4509486098] 

[280, 127.080681296, 26.8398132324, 26.8398160111] 

[290, 119.3480296415, 28.374420166, 28.3744211563] 

[300, 127.8903090533, 10.4469451904, 10.4469448679] 

[310, 121.5336626838, 16.2252304975, 16.2252321202] 

[320, 123.8547794118, 34.6186738856, 34.6186800624] 

[330, 122.017176011, 14.7522780474, 14.7522782259] 

[340, 134.7783346737, 28.2482981962, 28.2482950649] 

[350, 126.0185977711, 21.3746876436, 21.3746870815] 

[360, 127.1875861673, 30.8261898265, 30.8261871534] 

[370, 122.1641343061, 10.66077827, 10.6607782935] 

[380, 129.8895622702, 14.1266856474, 14.1266853718] 

[390, 124.704604205, 20.3452274098, 20.3452249782] 

[400, 126.3972167969, 16.9505202349, 16.9505205886] 

[410, 123.7167107077, 16.3502664005, 16.3502684391] 

[420, 120.6120605469, 20.7006315344, 20.7006328617] 

[430, 130.4136891085, 20.4114613253, 20.4114602491] 

[440, 128.5995662914, 34.7249540441, 34.7249528545] 

[450, 124.8293600643, 17.4158002068, 17.4158032585] 

[460, 125.8869628906, 16.5454801672, 16.54548007] 

[470, 129.3120835248, 43.1779246611, 43.1779232653] 

[480, 133.0180376838, 58.7825245577, 58.7825241275] 

[490, 128.3595042509, 37.7298045439, 37.729806814] 

[500, 134.5934627757, 29.6768475701, 29.6768492179] 

[510, 129.6000545726, 6.6236747293, 6.6236746502] 

[520, 127.7901826746, 17.3871818991, 17.3871801838] 

[530, 129.0603889017, 40.8519251206, 40.8519316307] 

[540, 130.8125287224, 37.7785788143, 37.7785856031] 

[550, 123.3528837316, 17.4426987592, 17.4426991382] 

[560, 125.4799086627, 15.7778589585, 15.7778595409] 

[570, 135.0044519761, 12.0368858786, 12.0368870474] 

[580, 132.854190602, 31.4853407916, 31.4853444983] 

[590, 115.6378461052, 18.4598801557, 18.4598813738] 

[600, 125.8390107996, 35.68300135, 35.682999938] 

[610, 127.3306094899, 20.3291536219, 20.3291561153] 

[620, 126.2757352941, 18.0807315602, 18.0807321671] 

[630, 118.606581744, 19.5726749196, 19.5726752933] 

[640, 125.6407111673, 42.3361529182, 42.3361580913] 

[650, 126.0627297794, 53.9638205136, 53.9638225641] 

[660, 129.5546587776, 39.8146039177, 39.8146031058] 

[670, 125.8884851792, 25.4881430233, 25.4881459577] 

[680, 127.5935920267, 13.2982267492, 13.2982261242] 

[690, 119.8122917624, 23.0824136173, 23.0824130301] 

[700, 126.6340762868, 24.3506541533, 24.3506582896] 

[710, 125.9673426011, 53.2249827665, 53.2249895259] 

[720, 128.3857996324, 32.4515021829, 32.4515031989] 

[730, 127.1578871783, 18.4463913861, 18.446392916] 

[740, 130.001349954, 16.3933608111, 16.393359743] 

[750, 127.0236529182, 19.7486374799, 19.748637247] 

[760, 124.7750172335, 16.5100438735, 16.5100426088] 

[770, 128.3149126838, 19.5753353343, 19.5753323318] 

[780, 122.1916360294, 20.7460165585, 20.7460179685] 

[790, 132.302533318, 9.8260165944, 9.8260175745] 

[800, 121.1424775965, 26.7078390682, 26.7078379468] 

[810, 120.2080508961, 7.0448101268, 7.0448094163] 

[820, 126.9430003447, 18.7259808709, 18.7259808862] 

[830, 127.9505543428, 27.4707677505, 27.4707659317] 

[840, 133.7067583869, 21.5472950655, 21.5472938128] 

[850, 130.5409725414, 15.1963285558, 15.1963295476] 

[860, 123.7846536075, 19.4926686006, 19.4926669332] 

[870, 122.0278463925, 10.7597925523, 10.75979277] 

[880, 126.3258702895, 33.6182430492, 33.6182446166] 

[890, 128.9180118336, 22.8090766458, 22.8090754982] 

[900, 122.507137523, 16.184114344, 16.1841167983] 

[910, 127.3204417509, 34.9430111156, 34.9430133967] 

[920, 120.6090303309, 22.743359734, 22.7433592475] 

[930, 129.8655359605, 38.1860315659, 38.1860348628] 

[940, 122.1848575368, 33.8837926528, 33.8837938673] 

[950, 124.8626493566, 12.9687930836, 12.9687920428] 

[960, 126.8687815947, 22.3691352395, 22.3691363598] 

[970, 130.519933364, 43.2842227711, 43.2842183665] 

[980, 127.7223833869, 42.4042573817, 42.4042572406] 

[990, 127.1722340303, 26.9585714901, 26.9585720326] 

