[0, 2.7740469587, 1.699617513, 1.699617513] 

[10, 2.3136525887, 1.3607331594, 1.3607331594] 

[20, 2.2529018805, 1.4120572408, 1.4120572408] 

[30, 2.2361439353, 1.4807857513, 1.4807857513] 

[40, 2.2152929994, 1.451327769, 1.451327769] 

[50, 2.2021111914, 1.4190511068, 1.4190512339] 

[60, 2.1910082778, 1.6623381297, 1.6623380025] 

[70, 2.1835345644, 1.9309783936, 1.9309785207] 

[80, 2.1832712905, 1.5104089101, 1.5104089101] 

[90, 2.1778468787, 1.7259164174, 1.7259165446] 

[100, 2.1733115265, 1.7869978587, 1.7869977315] 

[110, 2.1723239943, 1.6149121602, 1.6149121602] 

[120, 2.1725390523, 1.6981131236, 1.6981132507] 

[130, 2.1678644099, 1.6558493296, 1.6558493296] 

[140, 2.1684618783, 1.4436459859, 1.4436458588] 

[150, 2.1658319455, 1.4621513367, 1.4621513367] 

[160, 2.1712249788, 1.3638687134, 1.3638687134] 

[170, 2.1694876771, 1.5886516571, 1.5886516571] 

[180, 2.1573921291, 1.4604503632, 1.4604503632] 

[190, 2.1516261245, 1.3891413371, 1.3891413371] 

[200, 2.1541379412, 1.8002908071, 1.8002908071] 

[210, 2.1556252347, 1.5736886342, 1.5736886342] 

[220, 2.1483477011, 1.6277423859, 1.6277423859] 

[230, 2.1548190859, 1.55965271, 1.55965271] 

[240, 2.1436169344, 1.5423692067, 1.5423692067] 

[0, 2.8098065447, 1.7226113637, 1.7226111094] 

[10, 2.3307967709, 2.1092713674, 2.1092713674] 

[20, 2.2820750269, 1.7018133799, 1.7018133799] 

[30, 2.2575811149, 1.5862096151, 1.5862096151] 

[40, 2.2433814165, 1.3811539968, 1.3811539968] 

[50, 2.2441885857, 1.8507279714, 1.8507279714] 

[60, 2.2296345391, 1.5084181468, 1.5084181468] 

[70, 2.2250810741, 1.441414388, 1.441414388] 

[80, 2.2209510923, 1.9349379222, 1.9349380493] 

[90, 2.2102242114, 1.55267512, 1.5526752472] 

[100, 2.2059967774, 1.5400156657, 1.5400156657] 

[110, 2.2153993804, 1.5227790833, 1.5227792104] 

[120, 2.2022219093, 1.6303555806, 1.6303555806] 

[130, 2.2084861444, 1.7593888601, 1.7593887329] 

[140, 2.1923093407, 1.6511024475, 1.6511024475] 

[150, 2.1918810104, 1.4983784993, 1.4983784993] 

[160, 2.191073331, 1.5999504089, 1.5999504089] 

[170, 2.1903528993, 1.7520575205, 1.7520573934] 

[180, 2.1969635743, 1.8654448191, 1.8654450734] 

[190, 2.1803752776, 1.5643088023, 1.5643088023] 

[200, 2.1830541916, 1.4624701182, 1.4624701182] 

[210, 2.1754633825, 1.4720753988, 1.4720753988] 

[220, 2.1869142666, 1.6050664266, 1.6050664266] 

[230, 2.1872561145, 1.6283905029, 1.6283903758] 

[240, 2.1841991269, 1.6433411916, 1.6433410645] 

