[0, 2.1472097124, 0.9779946463, 0.9779946463] 

[10, 1.2495465052, 0.655963489, 0.655963489] 

[20, 1.2234203702, 0.5710316158, 0.5710316158] 

[29, 1.2215442657, 0.6217301687, 0.6217302141] 

[0, 1.2078942798, 0.6522450674, 0.6522450674] 

[10, 0.564492044, 0.3145860717, 0.3145860717] 

[20, 0.5497372945, 0.2637691498, 0.2637691271] 

[29, 0.5322710673, 0.242832479, 0.242832479] 

[0, 2.386642668, 7.8050378164, 7.8050378164] 

[10, 0.5920990838, 0.4143024286, 0.4143024286] 

[20, 0.555009683, 0.3961338997, 0.3961338997] 

[29, 0.5506423314, 0.3817815383, 0.3817814986] 

[0, 2.15415802, 3.9089286804, 3.9089286804] 

[10, 0.6676772594, 0.6831417561, 0.6831418037] 

[20, 0.646637392, 0.7250995159, 0.7250995636] 

[29, 0.613861227, 0.6798579216, 0.6798579693] 

[0, 1.9745255987, 0.7294979258, 0.7294977954] 

[10, 1.5707800005, 0.5662897224, 0.5662897224] 

[20, 1.5477012618, 0.5436726106, 0.5436726106] 

[29, 1.539013881, 0.573199802, 0.5731998672] 

