Data type: pos_diff_start, num_epochs: 400, 	 lr: 0.001 
125.7142693015, 10.0315533806, 10.0315528596] 

[20, 125.1147891774, 25.9371301988, 25.9371317498] 

[30, 128.8787339154, 34.8694924747, 34.8694963875] 

[40, 130.4806841682, 16.6278201832, 16.6278228691] 

[50, 132.7354808134, 38.0996991326, 38.099695461] 

[60, 128.8926786535, 27.077331543, 27.077333214] 

[70, 129.3034955193, 10.2166532629, 10.2166536708] 

[80, 133.0403837316, 12.7941086713, 12.7941090292] 

[90, 129.9940975414, 21.2913154153, 21.2913153284] 

[100, 138.7443847656, 16.8244898179, 16.8244873938] 

[110, 133.6173741958, 18.1208478142, 18.1208490471] 

[120, 131.8252814798, 24.8246190688, 24.8246193213] 

[130, 124.1899988511, 41.8013341567, 41.8013363248] 

[140, 127.6124913833, 11.9705469468, 11.9705447496] 

[150, 128.0220301011, 41.2143267463, 41.2143220505] 

[160, 131.5194594439, 8.7524342256, 8.7524340936] 

[170, 133.4116928998, 43.3050142176, 43.3050125394] 

[180, 131.2657829733, 7.4102361342, 7.4102364079] 

[190, 132.7097024357, 11.6221457089, 11.6221462603] 

[200, 127.9242876838, 32.9075676413, 32.9075702241] 

[210, 134.35203642, 30.3647784065, 30.364780904] 

[220, 129.3284409467, 23.0706643497, 23.0706668396] 

[230, 132.4413631664, 44.1304321289, 44.1304311999] 

[240, 131.1523293888, 9.3724571677, 9.3724567009] 

[250, 133.2019904642, 28.0573335535, 28.0573312688] 

[260, 130.7170266544, 31.0268806009, 31.0268785148] 

[270, 128.437298943, 38.2345796473, 38.2345871379] 

[280, 137.0883071002, 47.3063749426, 47.3063786959] 

[290, 130.5621696921, 35.4333280676, 35.4333288326] 

[300, 128.7162655101, 36.9186401367, 36.9186368133] 

[310, 132.8952205882, 35.354865579, 35.3548699341] 

[320, 127.1704101562, 12.6273435705, 12.6273441462] 

[330, 129.8360236673, 48.3521297679, 48.3521265665] 

[340, 130.619542739, 28.8682233025, 28.8682215816] 

[350, 129.2067583869, 24.9097020766, 24.9097068164] 

[360, 123.3185317096, 22.678018009, 22.6780175399] 

[370, 133.7575970818, 34.6295130113, 34.6295071737] 

[380, 137.5948414522, 5.6189364265, 5.6189366215] 

[390, 130.4107306985, 17.8504889993, 17.8504910882] 

