Data type: pos_diff_start, num_epochs: 400, 	 lr: 0.0005 
74.1629136029, 53.7265445485, 53.7265507204] 

[20, 166.8481588925, 49.2417099897, 49.2417038791] 

[30, 166.3313275506, 41.2620275161, 41.2620248084] 

[40, 165.9352740119, 49.3435992073, 49.3435986622] 

[50, 159.8259133732, 52.3711368336, 52.3711388284] 

[60, 161.2950654871, 38.7663538316, 38.7663555221] 

[70, 156.6324534697, 39.4494018555, 39.4494077573] 

[80, 149.8861730239, 48.1086713006, 48.1086795076] 

[90, 143.1556611903, 29.6106262207, 29.610623665] 

[100, 154.1623535156, 42.9508056641, 42.9508037803] 

[110, 142.5130830653, 40.6318395278, 40.6318445271] 

[120, 143.0534380744, 26.1134553797, 26.113457659] 

[130, 144.9449247472, 45.9795388614, 45.9795349493] 

[140, 142.8911563649, 23.3730899586, 23.3730917095] 

[150, 133.4746811811, 34.5738597197, 34.5738610727] 

[160, 143.959587546, 41.7538559858, 41.7538604665] 

[170, 139.5398667279, 27.2295478372, 27.2295435113] 

[180, 138.3023466222, 19.1767560173, 19.176754678] 

[190, 135.6832347197, 21.5855389763, 21.5855373925] 

[200, 138.6862362132, 21.2213116814, 21.2213122006] 

[210, 125.3248650046, 25.9095818015, 25.9095807183] 

[220, 133.5054428998, 34.6848934398, 34.6848934065] 

[230, 135.8309110754, 35.0672427907, 35.0672435579] 

[240, 133.3857996324, 26.0649288402, 26.0649245837] 

[250, 132.3073730469, 13.8557514864, 13.8557517724] 

[260, 133.311020795, 34.5958539177, 34.595858072] 

[270, 132.4521340763, 23.5391845703, 23.5391846789] 

[280, 125.4342400046, 27.4481452493, 27.4481439469] 

[290, 127.4879222197, 18.5609005199, 18.5609017947] 

[300, 133.8452866498, 21.0434175379, 21.0434188687] 

[310, 132.6849293428, 16.1782998478, 16.1782996063] 

[320, 131.0064481847, 11.1397265266, 11.1397264099] 

[330, 127.7627383961, 17.7475783404, 17.7475781112] 

[340, 127.1780934053, 28.2066578585, 28.2066551356] 

[350, 130.5782829733, 13.4183565028, 13.4183551104] 

[360, 130.7826286765, 16.2580081715, 16.2580069734] 

[370, 130.9128561581, 22.4577959846, 22.4577967114] 

[380, 138.3447840074, 39.5212976792, 39.5212906982] 

[390, 125.7861184513, 24.452521829, 24.4525198557] 

