Data type: pos_diff_start, num_epochs: 400, 	 lr: 0.005 
159.7376637178, 68.016903148, 68.0169019867] 

[20, 148.5905043658, 27.985593908, 27.9855917539] 

[30, 140.8959242877, 48.3227108226, 48.3227123397] 

[40, 164.4338522518, 81.1195068359, 81.119504196] 

[50, 151.9896886489, 55.7773904239, 55.777390225] 

[60, 149.7752039292, 79.8829632927, 79.8829676205] 

[70, 142.1509219899, 46.3214075425, 46.3214156802] 

[80, 148.2295352711, 29.8793065688, 29.8793068725] 

[90, 153.8032513787, 64.0500344669, 64.0500426943] 

[100, 152.441004136, 53.0713500977, 53.071351043] 

[110, 149.3478285846, 25.7235574161, 25.723558429] 

[120, 149.6208352482, 57.3977086684, 57.397715735] 

[130, 147.924503102, 46.8078433766, 46.8078348939] 

[140, 144.620892693, 70.3999095244, 70.3999072473] 

[150, 156.3507439108, 18.0539389218, 18.0539381803] 

[160, 147.9050149357, 62.2792107077, 62.2792120503] 

[170, 152.0375545726, 93.445276597, 93.4452822454] 

[180, 147.7350356158, 29.9385573443, 29.9385562201] 

[190, 151.4904785156, 54.4547334559, 54.4547351332] 

[200, 152.7012724035, 100.1945872587, 100.1945763365] 

[210, 154.3389533548, 51.5697057387, 51.5697075957] 

[220, 160.5998391544, 36.7517233456, 36.7517180169] 

[230, 147.8659524357, 80.809433881, 80.8094304229] 

[240, 146.7942899816, 83.1029196347, 83.1029157448] 

[250, 154.5922277114, 84.4949089499, 84.494912879] 

[260, 148.5491153493, 63.0875387753, 63.0875365051] 

[270, 150.7658547794, 50.3896448472, 50.3896537928] 

[280, 151.2978802849, 58.3138284122, 58.3138249985] 

[290, 154.6949534697, 25.0719083898, 25.0719088455] 

[300, 151.5755399816, 82.8799330767, 82.8799282746] 

[310, 155.8068847656, 127.4504250919, 127.4504445184] 

[320, 155.1814682904, 50.0414644129, 50.0414655006] 

[330, 147.9513011259, 61.3445326861, 61.3445323101] 

[340, 153.724408318, 85.0885440602, 85.0885356462] 

[350, 154.2139389936, 107.0284998277, 107.0284784345] 

[360, 146.4725700827, 88.6849796071, 88.6849640785] 

[370, 145.6745749081, 18.69483858, 18.6948404262] 

[380, 149.4606933594, 48.5732673196, 48.573265457] 

[390, 166.1408404182, 29.562938017, 29.5629398035] 

