[0, 1.5202869451, 0.7278125347, 0.7124776113] 

[10, 1.19267569, 0.7559496505, 0.649804724] 

[20, 1.168376077, 0.719021465, 0.5647849409] 

[30, 1.1656565786, 0.7170397384, 0.5872598372] 

[40, 1.1601463018, 0.7321146465, 0.5126174448] 

[50, 1.1567186587, 0.737644167, 0.5517462259] 

[60, 1.1512796619, 0.726009808, 0.4648947495] 

[70, 1.1479400007, 0.7557117593, 0.5742005489] 

[80, 1.1435167202, 0.7334181895, 0.524184428] 

[90, 1.1457344298, 0.7506596632, 0.5244925689] 

[0, 1.5349793735, 0.7328148173, 0.7013986357] 

[10, 1.1852024314, 0.7096334095, 0.5366708616] 

[20, 1.1672959258, 0.7391243836, 0.532859175] 

[30, 1.160597711, 0.7322146839, 0.4969023974] 

[40, 1.1549620327, 0.7422708873, 0.5523689395] 

[50, 1.1534532893, 0.7083960107, 0.5080587846] 

[60, 1.1446099226, 0.7603148046, 0.7610553462] 

[70, 1.147644659, 0.7398043919, 0.4929711951] 

[80, 1.1417026869, 0.7371222207, 0.6990776119] 

[90, 1.1436338164, 0.7331614131, 0.4617402628] 

[0, 1.554052278, 2.2916777971, 0.7236686216] 

[0, 1.5813273949, 0.718570407, 0.7099854793] 

[0, 1.8842884784, 0.7823138729, 0.6731648124] 

[0, 1.5253715501, 0.7521224542, 0.7032394979] 

[0, 6.7163974883, 1.4424141056, 6.6413555972] 

[0, 6.2667924942, 1.5119133509, 6.7421531962] 

[0, 6.2603519276, 1.5041687285, 6.9618870574] 

[0, 6.2947831484, 1.4784554109, 6.6010661902] 

[0, 1.526695568, 2.3047882217, 0.7870730641] 

[0, 1.5340913405, 0.7303563504, 0.6567346319] 

[0, 2.1848629162, 2.136606168, 1.1967738769] 

[0, 1.5866942903, 0.7321458939, 0.665665015] 

[0, 1.517879034, 0.760498275, 0.7109221272] 

[0, 1.5337200643, 2.2801949768, 0.7358173091] 

