[0, 3.2719272432, 2.3541552226, 1.3600988842] 

[10, 1.9043662662, 2.3848655337, 1.0230878194] 

[20, 1.8564798264, 2.3883674258, 0.9981594086] 

[29, 1.8051754179, 2.4115860349, 0.8947864714] 

[0, 2.6928480239, 1.5599810282, 1.0055777232] 

[10, 1.1254754748, 1.420810427, 0.5590727216] 

[20, 1.0697529202, 1.443382354, 0.5662606557] 

[29, 1.0359765916, 1.4510623387, 0.6171857289] 

[0, 5.4209361606, 2.7824958165, 5.2564694087] 

[10, 1.4547221926, 2.5375326475, 1.3636954625] 

[20, 1.3050818973, 2.5156126022, 1.4105587006] 

[29, 1.1686167187, 2.5682204564, 1.2668131193] 

[0, 4.5779415131, 2.4015714645, 4.2377914429] 

[10, 1.6575206757, 2.2926532745, 3.2175804138] 

[20, 1.4683214188, 2.3046531677, 1.7212535858] 

[29, 1.4825551033, 2.3203578949, 1.9087924957] 

[0, 3.2406675024, 2.7160602798, 1.393835997] 

[10, 2.0488432858, 2.818733411, 1.510612553] 

[20, 2.0093656944, 2.8467655019, 1.3671936296] 

[29, 1.9910314915, 2.8448160286, 1.3266981076] 

[0, 1.8309601941, 2.4309014214, 0.8651219555] 

[10, 1.4745313493, 2.4776204427, 0.6709867298] 

[20, 1.4575473696, 2.4679794964, 0.7796438494] 

[29, 1.4504704281, 2.5076872997, 0.6614055144] 

