[0, 0.6892273189, 0.5280165717, 0.3449692442] 

[10, 0.5654802868, 0.9000141778, 0.3059311152] 

[20, 0.5746905159, 0.8877963362, 0.3130971496] 

[30, 0.5834460689, 0.9054204767, 0.3275475098] 

[40, 0.5917495309, 0.9172459904, 0.3337162939] 

[0, 0.3702685308, 0.7306369315, 0.1619228853] 

[10, 0.2796196911, 0.9777970748, 0.1360225857] 

[20, 0.2718856752, 0.9898636677, 0.138111557] 

[30, 0.26652102, 1.005758734, 0.1197108206] 

[40, 0.2636850394, 0.9791290379, 0.1267517712] 

[0, 0.5345606905, 0.689225726, 0.2133207889] 

[0, 0.5033731618, 0.6987408964, 0.2374333349] 

[0, 0.5014190315, 0.7008967863, 0.251259735] 

[10, 0.4015778186, 0.7046137125, 0.2152708048] 

[20, 0.3955768181, 0.7094836579, 0.1808131825] 

[30, 0.3893950339, 0.6958401001, 0.1969502488] 

[40, 0.3889022528, 0.7093915312, 0.1983612324] 

